0 2.02915 0.00102265 2.02915 10
0.00834084 1.77549 0.00306796 1.77551 10
0.00834084 1.77549 0.00511327 1.77551 10
0.0220413 1.56398 0.00715858 1.56414 10
0.0293865 1.56386 0.00920388 1.56414 10
0.0146933 1.56407 0.0112492 1.56414 10
0.0405025 1.43675 0.0132945 1.43732 10
0.0202522 1.43717 0.0153398 1.43732 10
0.0492334 1.30957 0.0173851 1.3105 10
0.024621 1.31026 0.0194304 1.3105 10
0.0555782 1.18237 0.0214757 1.18367 10
0.0277977 1.18335 0.023521 1.18367 10
0.0619202 1.09738 0.0255663 1.09913 10
0.0670738 1.09708 0.0276117 1.09913 10
0.0309725 1.09869 0.029657 1.09913 10
0.0714254 1.01206 0.0317023 1.01458 10
0.0333538 1.01403 0.0337476 1.01458 10
0.0775576 0.969205 0.0357929 0.972303 10
0.0365286 0.971617 0.0378382 0.972303 10
0.0791235 0.884222 0.0398835 0.887755 10
0.0832758 0.883841 0.0419288 0.887755 10
0.0375185 0.886962 0.0439741 0.887755 10
0.0872145 0.840971 0.0460194 0.845481 10
0.0396986 0.844549 0.0480647 0.845481 10
0.0903549 0.798109 0.05011 0.803207 10
0.041482 0.802135 0.0521553 0.803207 10
0.0926991 0.755266 0.0542007 0.760933 10
0.0962458 0.754822 0.056246 0.760933 10
0.0428677 0.759725 0.0582913 0.760933 10
0.0975914 0.712002 0.0603366 0.718659 10
0.0438557 0.71732 0.0623819 0.718659 10
0.0981417 0.669228 0.0644272 0.676385 10
0.0444469 0.674923 0.0664725 0.676385 10
0.104424 0.668276 0.0685178 0.676385 10
0.047617 0.674707 0.0705631 0.676385 10
0.103779 0.625562 0.0726084 0.634111 10
0.106715 0.625067 0.0746537 0.634111 10
0.0476112 0.632321 0.076699 0.634111 10
0.105078 0.582434 0.0787443 0.591837 10
0.0472088 0.589951 0.0807897 0.591837 10
0.110544 0.581421 0.082835 0.591837 10
0.0499792 0.589723 0.0848803 0.591837 10
0.107717 0.538903 0.0869256 0.549563 10
0.110246 0.538391 0.0889709 0.549563 10
0.0489817 0.547376 0.0910162 0.549563 10
0.115298 0.537332 0.0930615 0.549563 10
0.0515518 0.54714 0.0951068 0.549563 10
0.111085 0.494977 0.0971521 0.507289 10
0.0499582 0.504823 0.0991974 0.507289 10
0.115729 0.493912 0.101243 0.507289 10
0.118048 0.493363 0.103288 0.507289 10
0.0523291 0.504583 0.105333 0.507289 10
0.122679 0.492232 0.107379 0.507289 10
0.054698 0.504332 0.109424 0.507289 10
0.116689 0.450136 0.111469 0.465015 10
0.0523109 0.462063 0.113515 0.465015 10
0.120912 0.44902 0.11556 0.465015 10
0.0544806 0.461812 0.117605 0.465015 10
0.125125 0.447865 0.11965 0.465015 10
0.127228 0.447272 0.121696 0.465015 10
0.0566502 0.461551 0.123741 0.465015 10
0.119475 0.405507 0.125786 0.422741 10
0.0534697 0.419346 0.127832 0.422741 10
0.12328 0.404366 0.129877 0.422741 10
0.055439 0.41909 0.131922 0.422741 10
0.127073 0.40319 0.133968 0.422741 10
0.128965 0.402589 0.136013 0.422741 10
0.0574064 0.418825 0.138058 0.422741 10
0.132742 0.40136 0.140104 0.422741 10
0.0593729 0.41855 0.142149 0.422741 10
0.122855 0.360085 0.144194 0.380466 10
0.0552053 0.37644 0.14624 0.380466 10
0.126232 0.358915 0.148285 0.380466 10
0.0569725 0.376177 0.15033 0.380466 10
0.129599 0.357714 0.152375 0.380466 10
0.131278 0.357101 0.154421 0.380466 10
0.0587387 0.375905 0.156466 0.380466 10
0.134626 0.355852 0.158511 0.380466 10
0.060504 0.375625 0.160557 0.380466 10
0.122634 0.315175 0.162602 0.338192 10
0.0553484 0.333632 0.164647 0.338192 10
0.125589 0.314009 0.166693 0.338192 10
0.127063 0.313416 0.168738 0.338192 10
0.0569153 0.333369 0.170783 0.338192 10
0.130002 0.312208 0.172828 0.338192 10
0.0584803 0.333098 0.174874 0.338192 10
0.132929 0.310973 0.176919 0.338192 10
0.0600443 0.332819 0.178964 0.338192 10
0.135844 0.309711 0.18101 0.338192 10
0.137299 0.309069 0.183055 0.338192 10
0.0616064 0.332534 0.1851 0.338192 10
0.140195 0.307765 0.187146 0.338192 10
0.0631685 0.332241 0.189191 0.338192 10
0.14308 0.306436 0.191236 0.338192 10
0.0647287 0.331941 0.193282 0.338192 10
0.127708 0.266943 0.195327 0.295918 10
0.0580006 0.290179 0.197372 0.295918 10
0.130212 0.265731 0.199418 0.295918 10
0.131457 0.265117 0.201463 0.295918 10
0.0593634 0.289903 0.203508 0.295918 10
0.133942 0.26387 0.205553 0.295918 10
0.0607252 0.289621 0.207599 0.295918 10
0.136415 0.2626 0.209644 0.295918 10
0.0620842 0.289333 0.211689 0.295918 10
0.138876 0.261307 0.213735 0.295918 10
0.140101 0.260652 0.21578 0.295918 10
0.0634422 0.289038 0.217825 0.295918 10
0.142545 0.259324 0.219871 0.295918 10
0.0647993 0.288737 0.221916 0.295918 10
0.144974 0.257974 0.223961 0.295918 10
0.0661554 0.288429 0.226007 0.295918 10
0.147391 0.256601 0.228052 0.295918 10
0.0675087 0.288116 0.230097 0.295918 10
0.128395 0.218747 0.232142 0.253644 10
0.129422 0.218141 0.234188 0.253644 10
0.0590248 0.246682 0.236233 0.253644 10
0.131465 0.216916 0.238278 0.253644 10
0.0601826 0.246401 0.240324 0.253644 10
0.133498 0.215671 0.242369 0.253644 10
0.0613384 0.246116 0.244414 0.253644 10
0.135516 0.214407 0.24646 0.253644 10
0.136523 0.213768 0.248505 0.253644 10
0.0624943 0.245825 0.25055 0.253644 10
0.138526 0.212477 0.252596 0.253644 10
0.0636482 0.245529 0.254641 0.253644 10
0.140515 0.211166 0.256686 0.253644 10
0.0648012 0.245227 0.258731 0.253644 10
0.142492 0.209837 0.260777 0.253644 10
0.143476 0.209165 0.262822 0.253644 10
0.0659523 0.24492 0.264867 0.253644 10
0.145435 0.207808 0.266913 0.253644 10
0.0671024 0.244608 0.268958 0.253644 10
0.147382 0.206433 0.271003 0.253644 10
0.0682497 0.24429 0.273049 0.253644 10
0.149314 0.205039 0.275094 0.253644 10
0.069396 0.243967 0.277139 0.253644 10
0.151234 0.203627 0.279184 0.253644 10
0.152188 0.202915 0.28123 0.253644 10
0.0705414 0.243638 0.283275 0.253644 10
0.128407 0.167897 0.28532 0.21137 10
0.0597382 0.202754 0.287366 0.21137 10
0.129979 0.166683 0.289411 0.21137 10
0.060689 0.20247 0.291456 0.21137 10
0.131538 0.165454 0.293502 0.21137 10
0.132314 0.164835 0.295547 0.21137 10
0.0616407 0.202183 0.297592 0.21137 10
0.133856 0.163585 0.299638 0.21137 10
0.0625887 0.201891 0.301683 0.21137 10
0.135388 0.16232 0.303728 0.21137 10
0.0635366 0.201595 0.305773 0.21137 10
0.136907 0.161041 0.307819 0.21137 10
0.137661 0.160396 0.309864 0.21137 10
0.0644827 0.201295 0.311909 0.21137 10
0.139161 0.159096 0.313955 0.21137 10
0.0654278 0.200989 0.316 0.21137 10
0.14065 0.157781 0.318045 0.21137 10
0.066371 0.20068 0.320091 0.21137 10
0.142126 0.156454 0.322136 0.21137 10
0.0673132 0.200366 0.324181 0.21137 10
0.14359 0.155111 0.326227 0.21137 10
0.144317 0.154435 0.328272 0.21137 10
0.0682526 0.200047 0.330317 0.21137 10
0.145761 0.153073 0.332363 0.21137 10
0.0691919 0.199725 0.334408 0.21137 10
0.147192 0.151697 0.336453 0.21137 10
0.0701294 0.199398 0.338498 0.21137 10
0.148611 0.150307 0.340544 0.21137 10
0.149316 0.149608 0.342589 0.21137 10
0.0710659 0.199066 0.344634 0.21137 10
0.150714 0.148198 0.34668 0.21137 10
0.0719995 0.19873 0.348725 0.21137 10
0.1521 0.146776 0.35077 0.21137 10
0.0729332 0.19839 0.352816 0.21137 10
0.153472 0.14534 0.354861 0.21137 10
0.073863 0.198045 0.356906 0.21137 10
0.154831 0.143892 0.358952 0.21137 10
0.155505 0.143164 0.360997 0.21137 10
0.0747919 0.197695 0.363042 0.21137 10
0.156843 0.141696 0.365087 0.21137 10
0.0757208 0.197342 0.367133 0.21137 10
0.126534 0.112174 0.369178 0.169096 10
0.0613174 0.157588 0.371223 0.169096 10
0.127582 0.11098 0.373269 0.169096 10
0.128102 0.110379 0.375314 0.169096 10
0.0620565 0.157298 0.377359 0.169096 10
0.129132 0.10917 0.379405 0.169096 10
0.0627956 0.157004 0.38145 0.169096 10
0.130154 0.107953 0.383495 0.169096 10
0.0635328 0.156708 0.385541 0.169096 10
0.131161 0.106726 0.387586 0.169096 10
0.131661 0.106108 0.389631 0.169096 10
0.0642672 0.156407 0.391676 0.169096 10
0.132651 0.104867 0.393722 0.169096 10
0.0650015 0.156104 0.395767 0.169096 10
0.133632 0.103616 0.397812 0.169096 10
0.0657339 0.155797 0.399858 0.169096 10
0.134599 0.102356 0.401903 0.169096 10
0.0664644 0.155487 0.403948 0.169096 10
0.135554 0.101088 0.405994 0.169096 10
0.136027 0.10045 0.408039 0.169096 10
0.0671949 0.155172 0.410084 0.169096 10
0.136966 0.0991669 0.412129 0.169096 10
0.0679226 0.154856 0.414175 0.169096 10
0.137891 0.0978761 0.41622 0.169096 10
0.0686493 0.154534 0.418265 0.169096 10
0.138804 0.0965762 0.420311 0.169096 10
0.139257 0.0959234 0.422356 0.169096 10
0.0693741 0.154211 0.424401 0.169096 10
0.140151 0.0946107 0.426447 0.169096 10
0.0700979 0.153883 0.428492 0.169096 10
0.141034 0.0932903 0.430537 0.169096 10
0.0708199 0.153552 0.432583 0.169096 10
0.141904 0.0919609 0.434628 0.169096 10
0.142334 0.0912933 0.436673 0.169096 10
0.0715399 0.153218 0.438718 0.169096 10
0.143186 0.0899525 0.440764 0.169096 10
0.0722589 0.15288 0.442809 0.169096 10
0.144024 0.088603 0.444854 0.169096 10
0.0729761 0.152539 0.4469 0.169096 10
0.144851 0.0872464 0.448945 0.169096 10
0.0736923 0.152194 0.45099 0.169096 10
0.145663 0.0858822 0.453036 0.169096 10
0.146066 0.0851965 0.455081 0.169096 10
0.0744066 0.151847 0.457126 0.169096 10
0.146859 0.0838208 0.459172 0.169096 10
0.0751181 0.151495 0.461217 0.169096 10
0.147641 0.082438 0.463262 0.169096 10
0.0758295 0.151141 0.465308 0.169096 10
0.148408 0.0810471 0.467353 0.169096 10
0.148787 0.080349 0.469398 0.169096 10
0.0765381 0.150783 0.471443 0.169096 10
0.149535 0.078948 0.473489 0.169096 10
0.0772467 0.150422 0.475534 0.169096 10
0.150271 0.077539 0.477579 0.169096 10
0.0779524 0.150057 0.479625 0.169096 10
0.150992 0.0761242 0.48167 0.169096 10
0.0786552 0.14969 0.483715 0.169096 10
0.151701 0.0747027 0.485761 0.169096 10
0.152051 0.0739889 0.487806 0.169096 10
0.0793581 0.149318 0.489851 0.169096 10
0.152739 0.0725574 0.491897 0.169096 10
0.0800581 0.148944 0.493942 0.169096 10
0.153413 0.0711198 0.495987 0.169096 10
0.0807571 0.148566 0.498032 0.169096 10
0.154075 0.069675 0.500078 0.169096 10
0.1544 0.0689507 0.502123 0.169096 10
0.0814543 0.148186 0.504168 0.169096 10
0.155041 0.0674973 0.506214 0.169096 10
0.0821495 0.147801 0.508259 0.169096 10
0.155668 0.0660377 0.510304 0.169096 10
0.0828428 0.147414 0.51235 0.169096 10
0.117211 0.0484295 0.514395 0.126822 10
0.117438 0.0478783 0.51644 0.126822 10
0.0626507 0.110267 0.518485 0.126822 10
0.117883 0.0467725 0.520531 0.126822 10
0.0631685 0.109972 0.522576 0.126822 10
0.118316 0.0456634 0.524621 0.126822 10
0.0636826 0.109674 0.526667 0.126822 10
0.11874 0.0445504 0.528712 0.126822 10
0.0641975 0.109374 0.530757 0.126822 10
0.119153 0.0434327 0.532803 0.126822 10
0.119356 0.0428724 0.534848 0.126822 10
0.0647106 0.109071 0.536893 0.126822 10
0.119754 0.041749 0.538939 0.126822 10
0.0652237 0.108766 0.540984 0.126822 10
0.120141 0.0406227 0.543029 0.126822 10
0.065733 0.108458 0.545075 0.126822 10
0.120517 0.0394921 0.54712 0.126822 10
0.120701 0.0389252 0.549165 0.126822 10
0.0662413 0.108148 0.55121 0.126822 10
0.121061 0.0377903 0.553256 0.126822 10
0.0667486 0.107836 0.555301 0.126822 10
0.121411 0.0366511 0.557346 0.126822 10
0.0672541 0.107521 0.559392 0.126822 10
0.12175 0.0355086 0.561437 0.126822 10
0.0677586 0.107204 0.563482 0.126822 10
0.122079 0.0343637 0.565528 0.126822 10
0.122238 0.0337896 0.567573 0.126822 10
0.0682621 0.106885 0.569618 0.126822 10
0.12255 0.0326405 0.571663 0.126822 10
0.0687637 0.106563 0.573709 0.126822 10
0.122851 0.0314875 0.575754 0.126822 10
0.0692625 0.106238 0.577799 0.126822 10
0.123141 0.0303321 0.579845 0.126822 10
0.123283 0.0297532 0.58189 0.126822 10
0.0697603 0.105912 0.583935 0.126822 10
0.123557 0.0285935 0.585981 0.126822 10
0.0702572 0.105583 0.588026 0.126822 10
0.12382 0.027432 0.590071 0.126822 10
0.0707531 0.105252 0.592117 0.126822 10
0.124073 0.0262675 0.594162 0.126822 10
0.124193 0.0256844 0.596207 0.126822 10
0.0712461 0.104918 0.598253 0.126822 10
0.12443 0.0245161 0.600298 0.126822 10
0.0717392 0.104583 0.602343 0.126822 10
0.124655 0.0233459 0.604388 0.126822 10
0.0722294 0.104245 0.606434 0.126822 10
0.124868 0.0221744 0.608479 0.126822 10
0.0727177 0.103904 0.610524 0.126822 10
0.125072 0.0210004 0.61257 0.126822 10
0.125169 0.0204129 0.614615 0.126822 10
0.073205 0.103562 0.61666 0.126822 10
0.125356 0.0192356 0.618706 0.126822 10
0.0736904 0.103216 0.620751 0.126822 10
0.12553 0.0180573 0.622796 0.126822 10
0.0741758 0.102869 0.624842 0.126822 10
0.125694 0.0168772 0.626887 0.126822 10
0.125772 0.0162864 0.628932 0.126822 10
0.0746565 0.10252 0.630977 0.126822 10
0.12592 0.0151048 0.633023 0.126822 10
0.0751381 0.102168 0.635068 0.126822 10
0.126057 0.0139213 0.637113 0.126822 10
0.0756168 0.101814 0.639159 0.126822 10
0.126182 0.0127358 0.641204 0.126822 10
0.126241 0.0121431 0.643249 0.126822 10
0.0760946 0.101458 0.645295 0.126822 10
0.126348 0.0109568 0.64734 0.126822 10
0.0765696 0.101099 0.649385 0.126822 10
0.126445 0.00976944 0.65143 0.126822 10
0.0770435 0.100739 0.653476 0.126822 10
0.126532 0.00858116 0.655521 0.126822 10
0.0775166 0.100375 0.657566 0.126822 10
0.126606 0.00739241 0.659612 0.126822 10
0.126639 0.00679731 0.661657 0.126822 10
0.0779867 0.10001 0.663702 0.126822 10
0.126698 0.0056076 0.665748 0.126822 10
0.0784559 0.0996423 0.667793 0.126822 10
0.126745 0.00441742 0.669838 0.126822 10
0.0789223 0.0992727 0.671884 0.126822 10
0.126781 0.0032258 0.673929 0.126822 10
0.126795 0.00263071 0.675974 0.126822 10
0.0793886 0.0989013 0.67802 0.126822 10
0.126814 0.00143957 0.680065 0.126822 10
0.0798512 0.0985274 0.68211 0.126822 10
0.126822 0.000247955 0.684155 0.126822 10
0.0803137 0.0981512 0.686201 0.126822 10
0.126819 -0.000943661 0.688246 0.126822 10
0.0807743 0.0977731 0.690291 0.126822 10
0.126805 -0.0021348 0.692337 0.126822 10
0.126793 -0.00273085 0.694382 0.126822 10
0.081233 0.0973926 0.696427 0.126822 10
0.126761 -0.00392151 0.698473 0.126822 10
0.0816889 0.0970092 0.700518 0.126822 10
0.12672 -0.00511169 0.702563 0.126822 10
0.0821428 0.0966249 0.704609 0.126822 10
0.126666 -0.00630188 0.706654 0.126822 10
0.126635 -0.00689697 0.708699 0.126822 10
0.0825968 0.0962377 0.710744 0.126822 10
0.126564 -0.00808668 0.71279 0.126822 10
0.0830479 0.0958486 0.714835 0.126822 10
0.126483 -0.00927496 0.71688 0.126822 10
0.0834961 0.0954576 0.718926 0.126822 10
0.12639 -0.0104628 0.720971 0.126822 10
0.12634 -0.0110564 0.723016 0.126822 10
0.0839443 0.0950646 0.725062 0.126822 10
0.126229 -0.0122428 0.727107 0.126822 10
0.0843906 0.0946693 0.729152 0.126822 10
0.126109 -0.0134282 0.731198 0.126822 10
0.0848341 0.0942717 0.733243 0.126822 10
0.125978 -0.0146117 0.735288 0.126822 10
0.0852757 0.0938721 0.737333 0.126822 10
0.125834 -0.0157952 0.739379 0.126822 10
0.125759 -0.0163856 0.741424 0.126822 10
0.0857162 0.0934711 0.743469 0.126822 10
0.1256 -0.0175667 0.745515 0.126822 10
0.086154 0.0930667 0.74756 0.126822 10
0.125429 -0.0187454 0.749605 0.126822 10
0.0865908 0.0926614 0.751651 0.126822 10
0.125248 -0.0199232 0.753696 0.126822 10
0.125153 -0.0205112 0.755741 0.126822 10
0.0870237 0.0922532 0.757787 0.126822 10
0.124954 -0.0216856 0.759832 0.126822 10
0.0874567 0.0918436 0.761877 0.126822 10
0.124745 -0.0228586 0.763922 0.126822 10
0.0878878 0.0914321 0.765968 0.126822 10
0.124525 -0.0240297 0.768013 0.126822 10
0.124411 -0.0246143 0.770058 0.126822 10
0.088316 0.0910187 0.772104 0.126822 10
0.124173 -0.0257821 0.774149 0.126822 10
0.0887423 0.0906019 0.776194 0.126822 10
0.123927 -0.026947 0.77824 0.126822 10
0.0891666 0.0901847 0.780285 0.126822 10
0.123668 -0.02811 0.78233 0.126822 10
0.0895891 0.0897646 0.784375 0.126822 10
0.123399 -0.0292711 0.786421 0.126822 10
0.12326 -0.02985 0.788466 0.126822 10
0.0900097 0.0893431 0.790511 0.126822 10
0.122973 -0.0310068 0.792557 0.126822 10
0.0904293 0.0889192 0.794602 0.126822 10
0.122677 -0.0321603 0.796647 0.126822 10
0.0908442 0.0884938 0.798693 0.126822 10
0.12237 -0.0333114 0.800738 0.126822 10
0.122211 -0.033886 0.802783 0.126822 10
0.09126 0.0880651 0.804829 0.126822 10
0.121887 -0.0350323 0.806874 0.126822 10
0.0916729 0.087636 0.808919 0.126822 10
0.121552 -0.0361762 0.810965 0.126822 10
0.092083 0.087204 0.81301 0.126822 10
0.121207 -0.0373163 0.815055 0.126822 10
0.0924911 0.0867715 0.8171 0.126822 10
0.120852 -0.0384531 0.819146 0.126822 10
0.120671 -0.039021 0.821191 0.126822 10
0.0928984 0.0863357 0.823236 0.126822 10
0.120298 -0.0401521 0.825282 0.126822 10
0.0933027 0.0858984 0.827327 0.126822 10
0.119916 -0.0412807 0.829372 0.126822 10
0.0937061 0.0854592 0.831418 0.126822 10
0.119522 -0.0424056 0.833463 0.126822 10
0.119322 -0.0429664 0.835508 0.126822 10
0.0941057 0.0850182 0.837554 0.126822 10
0.118914 -0.044085 0.839599 0.126822 10
0.0945034 0.0845752 0.841644 0.126822 10
0.118494 -0.0452008 0.843689 0.126822 10
0.0949001 0.0841303 0.845735 0.126822 10
0.118064 -0.0463114 0.84778 0.126822 10
0.117846 -0.0468659 0.849825 0.126822 10
0.095295 0.083683 0.851871 0.126822 10
0.1174 -0.0479708 0.853916 0.126822 10
0.0956869 0.0832348 0.855961 0.126822 10
0.116944 -0.0490713 0.858007 0.126822 10
0.096076 0.0827842 0.860052 0.126822 10
0.116477 -0.050168 0.862097 0.126822 10
0.0964642 0.0823326 0.864143 0.126822 10
0.0773344 -0.034173 0.866188 0.0845481 10
0.0771723 -0.0345359 0.868233 0.0845481 10
0.0645666 0.0545855 0.870278 0.0845481 10
0.0768461 -0.0352597 0.872324 0.0845481 10
0.0648222 0.0542822 0.874369 0.0845481 10
0.0765104 -0.0359797 0.876414 0.0845481 10
0.0650768 0.053977 0.87846 0.0845481 10
0.076169 -0.0366969 0.880505 0.0845481 10
0.0759964 -0.0370545 0.88255 0.0845481 10
0.0653296 0.0536704 0.884596 0.0845481 10
0.0756445 -0.0377665 0.886641 0.0845481 10
0.0655804 0.0533628 0.888686 0.0845481 10
0.0752869 -0.0384755 0.890732 0.0845481 10
0.0658302 0.0530543 0.892777 0.0845481 10
0.0749216 -0.0391808 0.894822 0.0845481 10
0.0660791 0.0527444 0.896867 0.0845481 10
0.0745506 -0.0398831 0.898913 0.0845481 10
0.0743618 -0.0402327 0.900958 0.0845481 10
0.0663261 0.052434 0.903003 0.0845481 10
0.0739803 -0.0409293 0.905049 0.0845481 10
0.0665722 0.0521216 0.907094 0.0845481 10
0.0735931 -0.0416231 0.909139 0.0845481 10
0.0668163 0.0518084 0.911185 0.0845481 10
0.0731983 -0.0423121 0.91323 0.0845481 10
0.072999 -0.0426555 0.915275 0.0845481 10
0.0670586 0.0514936 0.91732 0.0845481 10
0.0725946 -0.0433402 0.919366 0.0845481 10
0.0672989 0.051178 0.921411 0.0845481 10
0.0721846 -0.0440197 0.923456 0.0845481 10
0.0675383 0.0508618 0.925502 0.0845481 10
0.0717688 -0.0446959 0.927547 0.0845481 10
0.071557 -0.0450325 0.929592 0.0845481 10
0.0677776 0.0505438 0.931638 0.0845481 10
0.0711308 -0.0457025 0.933683 0.0845481 10
0.0680141 0.0502243 0.935728 0.0845481 10
0.0706987 -0.0463691 0.937774 0.0845481 10
0.0682487 0.0499048 0.939819 0.0845481 10
0.07026 -0.0470304 0.941864 0.0845481 10
0.0684834 0.0495834 0.94391 0.0845481 10
0.0698147 -0.0476894 0.945955 0.0845481 10
0.0695896 -0.0480161 0.948 0.0845481 10
0.0687151 0.0492616 0.950045 0.0845481 10
0.0691357 -0.0486684 0.952091 0.0845481 10
0.0689468 0.0489383 0.954136 0.0845481 10
0.068676 -0.0493155 0.956181 0.0845481 10
0.0691738 0.0486135 0.958227 0.0845481 10
0.0682096 -0.0499582 0.960272 0.0845481 10
0.067975 -0.0502782 0.962317 0.0845481 10
0.0694027 0.0482888 0.964363 0.0845481 10
0.0674982 -0.0509143 0.966408 0.0845481 10
0.0696278 0.0479617 0.968453 0.0845481 10
0.0670176 -0.0515461 0.970499 0.0845481 10
0.0698528 0.0476336 0.972544 0.0845481 10
0.0665302 -0.0521736 0.974589 0.0845481 10
0.0662851 -0.0524855 0.976634 0.0845481 10
0.070076 0.0473056 0.97868 0.0845481 10
0.0657883 -0.0531058 0.980725 0.0845481 10
0.0702972 0.0469761 0.98277 0.0845481 10
0.0652876 -0.0537214 0.984816 0.0845481 10
0.0705175 0.0466452 0.986861 0.0845481 10
0.0647793 -0.0543323 0.988906 0.0845481 10
0.0707359 0.0463133 0.990952 0.0845481 10
0.0642653 -0.0549388 0.992997 0.0845481 10
0.0640078 -0.0552397 0.995042 0.0845481 10
0.0709524 0.0459809 0.997088 0.0845481 10
0.0634861 -0.0558391 0.999133 0.0845481 10
0.071167 0.0456471 1.00118 0.0845481 10
0.0629587 -0.0564322 1.00322 0.0845481 10
0.0713806 0.0453124 1.00527 0.0845481 10
0.0624247 -0.0570216 1.00731 0.0845481 10
0.0621557 -0.0573144 1.00936 0.0845481 10
0.0715933 0.0449767 1.0114 0.0845481 10
0.0616159 -0.0578957 1.01345 0.0845481 10
0.0718031 0.0446396 1.0155 0.0845481 10
0.0610685 -0.0584722 1.01754 0.0845481 10
0.0720119 0.0443015 1.01959 0.0845481 10
0.0605164 -0.0590429 1.02163 0.0845481 10
0.0722198 0.0439634 1.02368 0.0845481 10
0.0599604 -0.0596085 1.02572 0.0845481 10
0.059679 -0.0598898 1.02777 0.0845481 10
0.0724258 0.0436234 1.02981 0.0845481 10
0.0591135 -0.0604477 1.03186 0.0845481 10
0.0726299 0.043282 1.0339 0.0845481 10
0.0585432 -0.0610003 1.03595 0.0845481 10
0.0728312 0.0429411 1.03799 0.0845481 10
0.0579681 -0.0615478 1.04004 0.0845481 10
0.0576782 -0.0618196 1.04208 0.0845481 10
0.0730324 0.0425982 1.04413 0.0845481 10
0.0570946 -0.0623579 1.04617 0.0845481 10
0.0732317 0.0422554 1.04822 0.0845481 10
0.0565062 -0.062892 1.05027 0.0845481 10
0.0734301 0.0419106 1.05231 0.0845481 10
0.055913 -0.0634198 1.05436 0.0845481 10
0.0556145 -0.0636821 1.0564 0.0845481 10
0.0736265 0.0415649 1.05845 0.0845481 10
0.0550137 -0.0642014 1.06049 0.0845481 10
0.0738201 0.0412188 1.06254 0.0845481 10
0.0544081 -0.0647154 1.06458 0.0845481 10
0.0740128 0.0408716 1.06663 0.0845481 10
0.0537977 -0.0652237 1.06867 0.0845481 10
0.0742044 0.0405235 1.07072 0.0845481 10
0.0531836 -0.0657263 1.07276 0.0845481 10
0.0528736 -0.0659752 1.07481 0.0845481 10
0.0743942 0.0401745 1.07685 0.0845481 10
0.0522509 -0.0664697 1.0789 0.0845481 10
0.0745821 0.039825 1.08095 0.0845481 10
0.0516243 -0.066957 1.08299 0.0845481 10
0.0747671 0.039474 1.08504 0.0845481 10
0.050993 -0.0674396 1.08708 0.0845481 10
0.0506754 -0.067678 1.08913 0.0845481 10
0.0749521 0.0391221 1.09117 0.0845481 10
0.0500383 -0.068151 1.09322 0.0845481 10
0.0751352 0.0387697 1.09526 0.0845481 10
0.0493956 -0.0686183 1.09731 0.0845481 10
0.0753164 0.0384164 1.09935 0.0845481 10
0.048748 -0.0690794 1.1014 0.0845481 10
0.0484247 -0.0693078 1.10344 0.0845481 10
0.0754967 0.0380626 1.10549 0.0845481 10
0.0477705 -0.0697594 1.10753 0.0845481 10
0.0756741 0.0377073 1.10958 0.0845481 10
0.0471134 -0.0702047 1.11162 0.0845481 10
0.0758505 0.0373516 1.11367 0.0845481 10
0.0464516 -0.0706444 1.11572 0.0845481 10
0.076025 0.0369949 1.11776 0.0845481 10
0.0457859 -0.0710778 1.11981 0.0845481 10
0.0454512 -0.0712924 1.12185 0.0845481 10
0.0761986 0.0366373 1.1239 0.0845481 10
0.0447798 -0.0717158 1.12594 0.0845481 10
0.0763702 0.0362792 1.12799 0.0845481 10
0.0441046 -0.0721335 1.13003 0.0845481 10
0.076539 0.0359197 1.13208 0.0845481 10
0.0434237 -0.0725446 1.13412 0.0845481 10
0.0430841 -0.0727477 1.13617 0.0845481 10
0.0767069 0.0355597 1.13821 0.0845481 10
0.0423985 -0.0731492 1.14026 0.0845481 10
0.0768719 0.0351992 1.1423 0.0845481 10
0.0417089 -0.073544 1.14435 0.0845481 10
0.0770369 0.0348377 1.14639 0.0845481 10
0.0410156 -0.0739326 1.14844 0.0845481 10
0.0771999 0.0344753 1.15049 0.0845481 10
0.0403194 -0.0743146 1.15253 0.0845481 10
0.0399704 -0.0745034 1.15458 0.0845481 10
0.0773621 0.0341125 1.15662 0.0845481 10
0.0392685 -0.0748754 1.15867 0.0845481 10
0.0775204 0.0337491 1.16071 0.0845481 10
0.0385637 -0.0752411 1.16276 0.0845481 10
0.0776787 0.0333843 1.1648 0.0845481 10
0.0378551 -0.0756001 1.16685 0.0845481 10
0.0374994 -0.0757775 1.16889 0.0845481 10
0.0778341 0.0330191 1.17094 0.0845481 10
0.0367851 -0.0761261 1.17298 0.0845481 10
0.0779886 0.0326533 1.17503 0.0845481 10
0.0360689 -0.076468 1.17707 0.0845481 10
0.0781422 0.0322862 1.17912 0.0845481 10
0.0353489 -0.0768037 1.18117 0.0845481 10
0.0349874 -0.0769691 1.18321 0.0845481 10
0.0782919 0.031919 1.18526 0.0845481 10
0.0342636 -0.0772943 1.1873 0.0845481 10
0.0784397 0.0315504 1.18935 0.0845481 10
0.033536 -0.0776129 1.19139 0.0845481 10
0.0785875 0.0311823 1.19344 0.0845481 10
0.0328054 -0.0779243 1.19548 0.0845481 10
0.0787334 0.0308127 1.19753 0.0845481 10
0.0320721 -0.0782285 1.19957 0.0845481 10
0.031703 -0.0783787 1.20162 0.0845481 10
0.0788774 0.0304422 1.20366 0.0845481 10
0.0309668 -0.0786734 1.20571 0.0845481 10
0.0790195 0.0300717 1.20775 0.0845481 10
0.0302258 -0.0789599 1.2098 0.0845481 10
0.0791597 0.0296998 1.21184 0.0845481 10
0.0294838 -0.0792413 1.21389 0.0845481 10
0.0291109 -0.0793786 1.21594 0.0845481 10
0.079299 0.0293283 1.21798 0.0845481 10
0.0283632 -0.0796485 1.22003 0.0845481 10
0.0794353 0.028955 1.22207 0.0845481 10
0.0276146 -0.0799117 1.22412 0.0845481 10
0.0795708 0.0285821 1.22616 0.0845481 10
0.0268621 -0.0801673 1.22821 0.0845481 10
0.0797043 0.0282078 1.23025 0.0845481 10
0.0261068 -0.0804162 1.2323 0.0845481 10
0.0257292 -0.0805378 1.23434 0.0845481 10
0.0798359 0.0278325 1.23639 0.0845481 10
0.024972 -0.0807762 1.23843 0.0845481 10
0.0799665 0.0274577 1.24048 0.0845481 10
0.0242128 -0.081007 1.24252 0.0845481 10
0.0800943 0.0270815 1.24457 0.0845481 10
0.0234499 -0.0812306 1.24662 0.0845481 10
0.0230675 -0.0813403 1.24866 0.0845481 10
0.0802202 0.0267053 1.25071 0.0845481 10
0.0223026 -0.0815535 1.25275 0.0845481 10
0.0803452 0.0263281 1.2548 0.0845481 10
0.0215359 -0.0817595 1.25684 0.0845481 10
0.0804672 0.0259509 1.25889 0.0845481 10
0.0207672 -0.0819578 1.26093 0.0845481 10
0.0203819 -0.0820541 1.26298 0.0845481 10
0.0805874 0.0255723 1.26502 0.0845481 10
0.0196095 -0.0822425 1.26707 0.0845481 10
0.0807076 0.0251932 1.26911 0.0845481 10
0.018837 -0.0824232 1.27116 0.0845481 10
0.0808249 0.0248141 1.2732 0.0845481 10
0.0180616 -0.0825963 1.27525 0.0845481 10
0.0809402 0.0244341 1.27729 0.0845481 10
0.0172853 -0.0827627 1.27934 0.0845481 10
0.0168962 -0.0828428 1.28139 0.0845481 10
0.0810537 0.0240536 1.28343 0.0845481 10
0.0161161 -0.0829973 1.28548 0.0845481 10
0.0811672 0.0236726 1.28752 0.0845481 10
0.015337 -0.0831451 1.28957 0.0845481 10
0.0812769 0.0232916 1.29161 0.0845481 10
0.014554 -0.0832858 1.29366 0.0845481 10
0.0141621 -0.083353 1.2957 0.0845481 10
0.0813856 0.0229092 1.29775 0.0845481 10
0.0133801 -0.0834823 1.29979 0.0845481 10
0.0814924 0.0225267 1.30184 0.0845481 10
0.0125942 -0.0836048 1.30388 0.0845481 10
0.0815973 0.0221434 1.30593 0.0845481 10
0.0118084 -0.0837197 1.30797 0.0845481 10
0.0114155 -0.0837741 1.31002 0.0845481 10
0.0817003 0.0217595 1.31206 0.0845481 10
0.0106268 -0.0838771 1.31411 0.0845481 10
0.0818024 0.0213761 1.31616 0.0845481 10
0.00984001 -0.0839734 1.3182 0.0845481 10
0.0819016 0.0209918 1.32025 0.0845481 10
0.00904942 -0.0840621 1.32229 0.0845481 10
0.0819998 0.0206065 1.32434 0.0845481 10
0.00826073 -0.0841436 1.32638 0.0845481 10
0.00786495 -0.0841813 1.32843 0.0845481 10
0.0820951 0.0202212 1.33047 0.0845481 10
0.00707245 -0.0842514 1.33252 0.0845481 10
0.0821896 0.0198359 1.33456 0.0845481 10
0.00628185 -0.0843143 1.33661 0.0845481 10
0.0822811 0.0194492 1.33865 0.0845481 10
0.00548935 -0.0843697 1.3407 0.0845481 10
0.00509357 -0.084394 1.34274 0.0845481 10
0.0823708 0.019063 1.34479 0.0845481 10
0.00430012 -0.0844383 1.34684 0.0845481 10
0.0824594 0.0186753 1.34888 0.0845481 10
0.00350571 -0.084475 1.35093 0.0845481 10
0.0825462 0.0182877 1.35297 0.0845481 10
0.0027132 -0.0845041 1.35502 0.0845481 10
0.0826311 0.0179 1.35706 0.0845481 10
0.00191879 -0.0845261 1.35911 0.0845481 10
0.00152206 -0.0845337 1.36115 0.0845481 10
0.0827141 0.0175114 1.3632 0.0845481 10
0.000727654 -0.0845447 1.36524 0.0845481 10
0.0827961 0.0171232 1.36729 0.0845481 10
-6.67572e-05 -0.0845475 1.36933 0.0845481 10
0.0828762 0.0167336 1.37138 0.0845481 10
-0.000861168 -0.0845432 1.37342 0.0845481 10
-0.0012579 -0.0845385 1.37547 0.0845481 10
0.0829535 0.0163445 1.37751 0.0845481 10
-0.00205231 -0.0845227 1.37956 0.0845481 10
0.0830297 0.0159545 1.38161 0.0845481 10
-0.00284576 -0.0844998 1.38365 0.0845481 10
0.0831032 0.0155644 1.3857 0.0845481 10
-0.00363922 -0.0844693 1.38774 0.0845481 10
-0.00403595 -0.0844517 1.38979 0.0845481 10
0.0831757 0.0151734 1.39183 0.0845481 10
-0.00483036 -0.0844102 1.39388 0.0845481 10
0.0832453 0.0147824 1.39592 0.0845481 10
-0.00562191 -0.0843611 1.39797 0.0845481 10
0.0833149 0.0143919 1.40001 0.0845481 10
-0.00641441 -0.0843039 1.40206 0.0845481 10
0.0833817 0.0140004 1.4041 0.0845481 10
-0.00720596 -0.0842404 1.40615 0.0845481 10
-0.00760174 -0.0842052 1.40819 0.0845481 10
0.0834455 0.0136085 1.41024 0.0845481 10
-0.00839233 -0.0841303 1.41228 0.0845481 10
0.0835094 0.0132165 1.41433 0.0845481 10
-0.00918198 -0.0840478 1.41638 0.0845481 10
0.0835695 0.0128241 1.41842 0.0845481 10
-0.00997162 -0.0839577 1.42047 0.0845481 10
-0.0103655 -0.08391 1.42251 0.0845481 10
0.0836296 0.0124311 1.42456 0.0845481 10
-0.0111542 -0.0838094 1.4266 0.0845481 10
0.0836878 0.0120387 1.42865 0.0845481 10
-0.01194 -0.0837007 1.43069 0.0845481 10
0.0837421 0.0116448 1.43274 0.0845481 10
-0.0127258 -0.0835848 1.43478 0.0845481 10
-0.0131187 -0.0835238 1.43683 0.0845481 10
0.0837965 0.0112514 1.43887 0.0845481 10
-0.0139027 -0.0833969 1.44092 0.0845481 10
0.083849 0.0108581 1.44296 0.0845481 10
-0.0146856 -0.0832624 1.44501 0.0845481 10
0.0838985 0.0104642 1.44706 0.0845481 10
-0.0154667 -0.0831208 1.4491 0.0845481 10
0.0839472 0.0100698 1.45115 0.0845481 10
-0.0162468 -0.082972 1.45319 0.0845481 10
-0.0166368 -0.0828948 1.45524 0.0845481 10
0.083993 0.00967503 1.45728 0.0845481 10
-0.017415 -0.0827346 1.45933 0.0845481 10
0.0840368 0.00928068 1.46137 0.0845481 10
-0.0181913 -0.0825677 1.46342 0.0845481 10
0.0840807 0.00888586 1.46546 0.0845481 10
-0.0189667 -0.0823932 1.46751 0.0845481 10
-0.0193529 -0.082303 1.46955 0.0845481 10
0.0841217 0.00849104 1.4716 0.0845481 10
-0.0201244 -0.0821176 1.47364 0.0845481 10
0.0841608 0.00809526 1.47569 0.0845481 10
-0.020896 -0.0819249 1.47773 0.0845481 10
0.084197 0.00770044 1.47978 0.0845481 10
-0.0216646 -0.0817251 1.48183 0.0845481 10
0.0842323 0.00730467 1.48387 0.0845481 10
-0.0224314 -0.0815182 1.48592 0.0845481 10
-0.0228148 -0.0814118 1.48796 0.0845481 10
0.0842667 0.00690889 1.49001 0.0845481 10
-0.0235777 -0.0811939 1.49205 0.0845481 10
0.0842972 0.00651312 1.4941 0.0845481 10
-0.0243397 -0.0809684 1.49614 0.0845481 10
0.0843267 0.00611687 1.49819 0.0845481 10
-0.0250988 -0.0807366 1.50023 0.0845481 10
-0.0254774 -0.0806179 1.50228 0.0845481 10
0.0843554 0.00572062 1.50432 0.0845481 10
-0.0262346 -0.0803752 1.50637 0.0845481 10
0.0843811 0.00532436 1.50841 0.0845481 10
-0.026988 -0.0801244 1.51046 0.0845481 10
0.0844049 0.00492859 1.51251 0.0845481 10
-0.0277395 -0.0798678 1.51455 0.0845481 10
-0.0281153 -0.0797367 1.5166 0.0845481 10
0.0844269 0.00453138 1.51864 0.0845481 10
-0.028862 -0.0794687 1.52069 0.0845481 10
0.0844479 0.00413513 1.52273 0.0845481 10
-0.0296078 -0.0791941 1.52478 0.0845481 10
0.084466 0.00373793 1.52682 0.0845481 10
-0.0303497 -0.0789127 1.52887 0.0845481 10
0.0844822 0.00334215 1.53091 0.0845481 10
-0.0310907 -0.0786238 1.53296 0.0845481 10
-0.0314589 -0.0784769 1.535 0.0845481 10
0.0844975 0.00294495 1.53705 0.0845481 10
-0.0321941 -0.0781779 1.53909 0.0845481 10
0.0845108 0.00254774 1.54114 0.0845481 10
-0.0329285 -0.0778718 1.54318 0.0845481 10
0.0845213 0.00215101 1.54523 0.0845481 10
-0.0336571 -0.0775595 1.54728 0.0845481 10
-0.0340214 -0.0774007 1.54932 0.0845481 10
0.0845308 0.00175333 1.55137 0.0845481 10
-0.0347471 -0.0770774 1.55341 0.0845481 10
0.0845375 0.0013566 1.55546 0.0845481 10
-0.03547 -0.0767479 1.5575 0.0845481 10
0.0845432 0.000959396 1.55955 0.0845481 10
-0.03619 -0.0764112 1.56159 0.0845481 10
0.0845461 0.000562668 1.56364 0.0845481 10
-0.0369062 -0.0760674 1.56568 0.0845481 10
-0.037262 -0.0758939 1.56773 0.0845481 10
0.084549 0.000165462 1.56977 0.0845481 10
-0.0379744 -0.0755401 1.57182 0.0845481 10
0.084549 -0.000231743 1.57386 0.0845481 10
-0.038682 -0.0751796 1.57591 0.0845481 10
0.084547 -0.000628948 1.57795 0.0845481 10
-0.0393867 -0.0748134 1.58 0.0845481 10
-0.0397377 -0.0746274 1.58205 0.0845481 10
0.0845423 -0.00102568 1.58409 0.0845481 10
-0.0404367 -0.0742512 1.58614 0.0845481 10
0.0845366 -0.00142336 1.58818 0.0845481 10
-0.0411329 -0.0738673 1.59023 0.0845481 10
0.0845289 -0.00182056 1.59227 0.0845481 10
-0.0418253 -0.0734782 1.59432 0.0845481 10
-0.0421696 -0.0732813 1.59636 0.0845481 10
0.0845194 -0.00221682 1.59841 0.0845481 10
-0.0428562 -0.0728812 1.60045 0.0845481 10
0.0845079 -0.00261402 1.6025 0.0845481 10
-0.0435381 -0.0724759 1.60454 0.0845481 10
0.0844955 -0.00301075 1.60659 0.0845481 10
-0.0442181 -0.0720634 1.60863 0.0845481 10
0.0844793 -0.00340796 1.61068 0.0845481 10
-0.0448933 -0.0716448 1.61273 0.0845481 10
-0.045228 -0.0714331 1.61477 0.0845481 10
0.0844631 -0.00380468 1.61682 0.0845481 10
-0.0458984 -0.0710049 1.61886 0.0845481 10
0.084444 -0.00420141 1.62091 0.0845481 10
-0.0465631 -0.0705709 1.62295 0.0845481 10
0.084424 -0.00459814 1.625 0.0845481 10
-0.047224 -0.0701303 1.62704 0.0845481 10
-0.0475531 -0.0699077 1.62909 0.0845481 10
0.0844011 -0.00499439 1.63113 0.0845481 10
-0.0482073 -0.0694575 1.63318 0.0845481 10
0.0843763 -0.00539064 1.63522 0.0845481 10
-0.0488577 -0.0690017 1.63727 0.0845481 10
0.0843506 -0.0057869 1.63931 0.0845481 10
-0.0495033 -0.0685396 1.64136 0.0845481 10
-0.0498247 -0.0683069 1.6434 0.0845481 10
0.084322 -0.00618315 1.64545 0.0845481 10
-0.0504646 -0.0678358 1.6475 0.0845481 10
0.0842924 -0.00657892 1.64954 0.0845481 10
-0.0510998 -0.067359 1.65159 0.0845481 10
0.0842609 -0.00697517 1.65363 0.0845481 10
-0.0517292 -0.0668755 1.65568 0.0845481 10
0.0842266 -0.00737047 1.65772 0.0845481 10
-0.0523558 -0.0663867 1.65977 0.0845481 10
-0.0526676 -0.0661397 1.66181 0.0845481 10
0.0841913 -0.00776672 1.66386 0.0845481 10
-0.0532856 -0.0656424 1.6659 0.0845481 10
0.0841532 -0.00816154 1.66795 0.0845481 10
-0.0539007 -0.0651383 1.66999 0.0845481 10
0.0841141 -0.00855684 1.67204 0.0845481 10
-0.0545101 -0.0646296 1.67408 0.0845481 10
-0.0548134 -0.064373 1.67613 0.0845481 10
0.0840731 -0.00895166 1.67817 0.0845481 10
-0.0554152 -0.0638552 1.68022 0.0845481 10
0.0840302 -0.00934649 1.68227 0.0845481 10
-0.0560131 -0.0633321 1.68431 0.0845481 10
0.0839853 -0.00974178 1.68636 0.0845481 10
-0.0566063 -0.0628028 1.6884 0.0845481 10
0.0839376 -0.0101357 1.69045 0.0845481 10
-0.0571928 -0.0622683 1.69249 0.0845481 10
-0.0574837 -0.0619988 1.69454 0.0845481 10
0.08389 -0.01053 1.69658 0.0845481 10
-0.0580645 -0.0614562 1.69863 0.0845481 10
0.0838404 -0.0109234 1.70067 0.0845481 10
-0.0586386 -0.0609078 1.70272 0.0845481 10
0.083787 -0.0113177 1.70476 0.0845481 10
-0.0592089 -0.0603542 1.70681 0.0845481 10
-0.0594912 -0.0600753 1.70885 0.0845481 10
0.0837336 -0.0117106 1.7109 0.0845481 10
-0.0600538 -0.059514 1.71295 0.0845481 10
0.0836773 -0.012104 1.71499 0.0845481 10
-0.0606089 -0.0589476 1.71704 0.0845481 10
0.0836201 -0.0124969 1.71908 0.0845481 10
-0.061161 -0.0583754 1.72113 0.0845481 10
-0.0614347 -0.0580873 1.72317 0.0845481 10
0.083559 -0.0128894 1.72522 0.0845481 10
-0.0619783 -0.0575075 1.72726 0.0845481 10
0.083498 -0.0132818 1.72931 0.0845481 10
-0.0625153 -0.0569229 1.73135 0.0845481 10
0.0834351 -0.0136743 1.7334 0.0845481 10
-0.0630474 -0.0563331 1.73544 0.0845481 10
0.0833712 -0.0140657 1.73749 0.0845481 10
-0.0635738 -0.0557384 1.73953 0.0845481 10
-0.0638342 -0.0554395 1.74158 0.0845481 10
0.0833035 -0.0144567 1.74362 0.0845481 10
-0.064352 -0.0548372 1.74567 0.0845481 10
0.0832338 -0.0148482 1.74772 0.0845481 10
-0.0648642 -0.0542297 1.74976 0.0845481 10
0.0831642 -0.0152392 1.75181 0.0845481 10
-0.0653715 -0.0536184 1.75385 0.0845481 10
-0.0656233 -0.0533109 1.7559 0.0845481 10
0.0830908 -0.0156298 1.75794 0.0845481 10
-0.0661201 -0.0526919 1.75999 0.0845481 10
0.0830173 -0.0160193 1.76203 0.0845481 10
-0.0666122 -0.0520682 1.76408 0.0845481 10
0.0829411 -0.0164094 1.76612 0.0845481 10
-0.0670986 -0.0514402 1.76817 0.0845481 10
-0.0673389 -0.0511246 1.77021 0.0845481 10
0.0828619 -0.016799 1.77226 0.0845481 10
-0.0678167 -0.0504899 1.7743 0.0845481 10
0.0827827 -0.0171881 1.77635 0.0845481 10
-0.0682878 -0.0498505 1.7784 0.0845481 10
0.0827007 -0.0175767 1.78044 0.0845481 10
-0.0687532 -0.0492067 1.78249 0.0845481 10
0.0826168 -0.0179648 1.78453 0.0845481 10
-0.0692129 -0.0485587 1.78658 0.0845481 10
-0.0694408 -0.048233 1.78862 0.0845481 10
0.0825329 -0.018353 1.79067 0.0845481 10
-0.06989 -0.0475783 1.79271 0.0845481 10
0.0824451 -0.0187402 1.79476 0.0845481 10
-0.0703335 -0.0469203 1.7968 0.0845481 10
0.0823555 -0.0191274 1.79885 0.0845481 10
-0.0707722 -0.046257 1.80089 0.0845481 10
-0.0709877 -0.0459237 1.80294 0.0845481 10
0.0822659 -0.0195136 1.80498 0.0845481 10
-0.0714159 -0.0452557 1.80703 0.0845481 10
0.0821724 -0.0198998 1.80907 0.0845481 10
-0.0718384 -0.0445824 1.81112 0.0845481 10
0.082078 -0.0202856 1.81317 0.0845481 10
-0.0722542 -0.0439053 1.81521 0.0845481 10
0.0819817 -0.0206709 1.81726 0.0845481 10
-0.0726643 -0.0432248 1.8193 0.0845481 10
-0.0728664 -0.0428829 1.82135 0.0845481 10
0.0818844 -0.0210562 1.82339 0.0845481 10
-0.0732651 -0.0421963 1.82544 0.0845481 10
0.0817852 -0.02144 1.82748 0.0845481 10
-0.073658 -0.0415063 1.82953 0.0845481 10
0.0816832 -0.0218244 1.83157 0.0845481 10
-0.0740452 -0.0408125 1.83362 0.0845481 10
-0.0742359 -0.0404644 1.83566 0.0845481 10
0.0815802 -0.0222073 1.83771 0.0845481 10
-0.0746126 -0.0397654 1.83975 0.0845481 10
0.0814743 -0.0225902 1.8418 0.0845481 10
-0.0749836 -0.0390625 1.84384 0.0845481 10
0.0813675 -0.0229735 1.84589 0.0845481 10
-0.075346 -0.0383563 1.84794 0.0845481 10
-0.0755253 -0.038002 1.84998 0.0845481 10
0.0812588 -0.023355 1.85203 0.0845481 10
-0.0758791 -0.037291 1.85407 0.0845481 10
0.0811481 -0.023737 1.85612 0.0845481 10
-0.0762262 -0.0365763 1.85816 0.0845481 10
0.0810356 -0.024117 1.86021 0.0845481 10
-0.0765676 -0.0358591 1.86225 0.0845481 10
0.0809212 -0.0244975 1.8643 0.0845481 10
-0.0769005 -0.0351386 1.86634 0.0845481 10
-0.0770645 -0.0347762 1.86839 0.0845481 10
0.0808048 -0.0248775 1.87043 0.0845481 10
-0.0773878 -0.0340509 1.87248 0.0845481 10
0.0806875 -0.0252566 1.87452 0.0845481 10
-0.0777044 -0.0333223 1.87657 0.0845481 10
0.0805674 -0.0256357 1.87862 0.0845481 10
-0.0780134 -0.0325913 1.88066 0.0845481 10
-0.078166 -0.0322242 1.88271 0.0845481 10
0.0804462 -0.0260134 1.88475 0.0845481 10
-0.0784655 -0.0314884 1.8868 0.0845481 10
0.0803242 -0.0263915 1.88884 0.0845481 10
-0.0787582 -0.0307503 1.89089 0.0845481 10
0.0801992 -0.0267682 1.89293 0.0845481 10
-0.0790434 -0.0300088 1.89498 0.0845481 10
-0.0791836 -0.0296373 1.89702 0.0845481 10
0.0800724 -0.0271449 1.89907 0.0845481 10
-0.0794582 -0.028892 1.90111 0.0845481 10
0.0799446 -0.0275202 1.90316 0.0845481 10
-0.0797262 -0.0281444 1.9052 0.0845481 10
0.079814 -0.0278955 1.90725 0.0845481 10
-0.0799866 -0.0273943 1.90929 0.0845481 10
0.0796814 -0.0282702 1.91134 0.0845481 10
-0.0802402 -0.0266414 1.91339 0.0845481 10
-0.0803652 -0.0262642 1.91543 0.0845481 10
0.0795479 -0.0286441 1.91748 0.0845481 10
-0.0806084 -0.0255084 1.91952 0.0845481 10
0.0794125 -0.0290179 1.92157 0.0845481 10
-0.080843 -0.0247502 1.92361 0.0845481 10
0.0792761 -0.0293899 1.92566 0.0845481 10
-0.0810728 -0.0239892 1.9277 0.0845481 10
-0.0811844 -0.0236077 1.92975 0.0845481 10
0.0791359 -0.0297623 1.93179 0.0845481 10
-0.0814028 -0.0228448 1.93384 0.0845481 10
0.0789957 -0.0301332 1.93588 0.0845481 10
-0.0816145 -0.022079 1.93793 0.0845481 10
0.0788536 -0.0305047 1.93997 0.0845481 10
-0.0818176 -0.0213113 1.94202 0.0845481 10
0.0787096 -0.0308743 1.94406 0.0845481 10
-0.0820141 -0.0205412 1.94611 0.0845481 10
-0.0821104 -0.0201564 1.94816 0.0845481 10
0.0785637 -0.0312433 1.9502 0.0845481 10
-0.0822964 -0.0193839 1.95225 0.0845481 10
0.0784159 -0.0316124 1.95429 0.0845481 10
-0.0824747 -0.01861 1.95634 0.0845481 10
0.0782671 -0.0319805 1.95838 0.0845481 10
-0.0826464 -0.0178342 1.96043 0.0845481 10
-0.0827284 -0.0174456 1.96247 0.0845481 10
0.0781155 -0.0323477 1.96452 0.0845481 10
-0.0828876 -0.0166678 1.96656 0.0845481 10
0.0779629 -0.0327144 1.96861 0.0845481 10
-0.0830412 -0.0158887 1.97065 0.0845481 10
0.0778074 -0.0330801 1.9727 0.0845481 10
-0.0831861 -0.0151076 1.97474 0.0845481 10
-0.0832567 -0.0147166 1.97679 0.0845481 10
0.077652 -0.0334454 1.97884 0.0845481 10
-0.0833912 -0.0139341 1.98088 0.0845481 10
0.0774937 -0.0338092 1.98293 0.0845481 10
-0.083518 -0.0131502 1.98497 0.0845481 10
0.0773344 -0.034173 1.98702 0.0845481 10
-0.0836391 -0.0123649 1.98906 0.0845481 10
0.0771723 -0.0345359 1.99111 0.0845481 10
-0.0837517 -0.011579 1.99315 0.0845481 10
-0.0838051 -0.0111847 1.9952 0.0845481 10
0.0770102 -0.0348983 1.99724 0.0845481 10
-0.0839062 -0.010397 1.99929 0.0845481 10
0.0768461 -0.0352597 2.00133 0.0845481 10
-0.0839996 -0.00960827 2.00338 0.0845481 10
0.0766792 -0.0356202 2.00542 0.0845481 10
-0.0840874 -0.0088191 2.00747 0.0845481 10
-0.0841265 -0.00842381 2.00951 0.0845481 10
0.0765104 -0.0359797 2.01156 0.0845481 10
-0.0842028 -0.00763321 2.01361 0.0845481 10
0.0763407 -0.0363388 2.01565 0.0845481 10
-0.0842705 -0.00684214 2.0177 0.0845481 10
0.076169 -0.0366969 2.01974 0.0845481 10
-0.0843315 -0.00605011 2.02179 0.0845481 10
0.0759964 -0.0370545 2.02383 0.0845481 10
-0.084384 -0.00525761 2.02588 0.0845481 10
-0.0844078 -0.0048604 2.02792 0.0845481 10
0.0758209 -0.0374107 2.02997 0.0845481 10
-0.0844498 -0.0040679 2.03201 0.0845481 10
0.0756445 -0.0377665 2.03406 0.0845481 10
-0.0844851 -0.00327444 2.0361 0.0845481 10
0.0754671 -0.0381212 2.03815 0.0845481 10
-0.0845118 -0.00248051 2.04019 0.0845481 10
-0.0845222 -0.00208378 2.04224 0.0845481 10
0.0752869 -0.0384755 2.04429 0.0845481 10
-0.0845375 -0.00128937 2.04633 0.0845481 10
0.0751047 -0.0388288 2.04838 0.0845481 10
-0.084547 -0.000494957 2.05042 0.0845481 10
0.0749216 -0.0391808 2.05247 0.0845481 10
-0.084547 0.000299454 2.05451 0.0845481 10
-0.0845451 0.000696182 2.05656 0.0845481 10
0.0747366 -0.0395327 2.0586 0.0845481 10
-0.0845356 0.00149012 2.06065 0.0845481 10
0.0745506 -0.0398831 2.06269 0.0845481 10
-0.0845175 0.00228405 2.06474 0.0845481 10
0.0743618 -0.0402327 2.06678 0.0845481 10
-0.0844917 0.00307798 2.06883 0.0845481 10
0.074172 -0.0405817 2.07087 0.0845481 10
-0.0844593 0.00387192 2.07292 0.0845481 10
-0.0844393 0.00426817 2.07496 0.0845481 10
0.0739803 -0.0409293 2.07701 0.0845481 10
-0.0843964 0.00506163 2.07906 0.0845481 10
0.0737877 -0.0412765 2.0811 0.0845481 10
-0.0843449 0.00585365 2.08315 0.0845481 10
0.0735931 -0.0416231 2.08519 0.0845481 10
-0.0842857 0.00664616 2.08724 0.0845481 10
-0.0842543 0.00704193 2.08928 0.0845481 10
0.0733976 -0.0419679 2.09133 0.0845481 10
-0.0841837 0.00783348 2.09337 0.0845481 10
0.0731983 -0.0423121 2.09542 0.0845481 10
-0.0841074 0.0086236 2.09746 0.0845481 10
0.072999 -0.0426555 2.09951 0.0845481 10
-0.0840225 0.00941372 2.10155 0.0845481 10
-0.0839767 0.00980806 2.1036 0.0845481 10
0.0727987 -0.0429983 2.10564 0.0845481 10
-0.0838814 0.0105963 2.10769 0.0845481 10
0.0725946 -0.0433402 2.10974 0.0845481 10
-0.0837774 0.011384 2.11178 0.0845481 10
0.0723906 -0.0436797 2.11383 0.0845481 10
-0.0836678 0.0121708 2.11587 0.0845481 10
0.0721846 -0.0440197 2.11792 0.0845481 10
-0.0835495 0.0129561 2.11996 0.0845481 10
-0.0834875 0.0133486 2.12201 0.0845481 10
0.0719786 -0.0443578 2.12405 0.0845481 10
-0.0833588 0.014132 2.1261 0.0845481 10
0.0717688 -0.0446959 2.12814 0.0845481 10
-0.0832224 0.0149145 2.13019 0.0845481 10
0.071557 -0.0450325 2.13223 0.0845481 10
-0.0830784 0.0156956 2.13428 0.0845481 10
-0.083003 0.0160856 2.13632 0.0845481 10
0.0713453 -0.0453682 2.13837 0.0845481 10
-0.0828485 0.0168648 2.14041 0.0845481 10
0.0711308 -0.0457025 2.14246 0.0845481 10
-0.0826864 0.0176425 2.14451 0.0845481 10
0.0709152 -0.0460367 2.14655 0.0845481 10
-0.0825167 0.0184183 2.1486 0.0845481 10
0.0706987 -0.0463691 2.15064 0.0845481 10
-0.0823402 0.0191922 2.15269 0.0845481 10
-0.0822496 0.0195789 2.15473 0.0845481 10
0.0704813 -0.0467005 2.15678 0.0845481 10
-0.0820627 0.0203509 2.15882 0.0845481 10
0.07026 -0.0470304 2.16087 0.0845481 10
-0.0818672 0.021121 2.16291 0.0845481 10
0.0700388 -0.0473604 2.16496 0.0845481 10
-0.081665 0.0218892 2.167 0.0845481 10
-0.0815611 0.0222726 2.16905 0.0845481 10
0.0698147 -0.0476894 2.17109 0.0845481 10
-0.0813494 0.0230379 2.17314 0.0845481 10
0.0695896 -0.0480161 2.17518 0.0845481 10
-0.0811291 0.0238013 2.17723 0.0845481 10
0.0693636 -0.0483427 2.17928 0.0845481 10
-0.0809011 0.0245619 2.18132 0.0845481 10
-0.0807848 0.0249419 2.18337 0.0845481 10
0.0691357 -0.0486684 2.18541 0.0845481 10
-0.0805483 0.0256996 2.18746 0.0845481 10
0.0689058 -0.0489917 2.1895 0.0845481 10
-0.0803032 0.0264554 2.19155 0.0845481 10
0.068676 -0.0493155 2.19359 0.0845481 10
-0.0800505 0.0272083 2.19564 0.0845481 10
0.0684443 -0.0496378 2.19768 0.0845481 10
-0.0797911 0.0279593 2.19973 0.0845481 10
-0.0796595 0.0283332 2.20177 0.0845481 10
0.0682096 -0.0499582 2.20382 0.0845481 10
-0.0793886 0.0290809 2.20586 0.0845481 10
0.067975 -0.0502782 2.20791 0.0845481 10
-0.118669 0.0447378 2.20995 0.126822 10
0.101605 -0.0758948 2.212 0.126822 10
-0.118243 0.0458503 2.21405 0.126822 10
-0.118028 0.0464053 2.21609 0.126822 10
0.101249 -0.0763717 2.21814 0.126822 10
-0.117586 0.0475121 2.22018 0.126822 10
0.100888 -0.0768461 2.22223 0.126822 10
-0.117134 0.0486145 2.22427 0.126822 10
0.100526 -0.0773196 2.22632 0.126822 10
-0.116673 0.0497131 2.22836 0.126822 10
-0.116439 0.0502601 2.23041 0.126822 10
0.100162 -0.0777912 2.23245 0.126822 10
-0.115961 0.051352 2.2345 0.126822 10
0.0997953 -0.0782609 2.23654 0.126822 10
-0.115473 0.0524392 2.23859 0.126822 10
0.0994272 -0.0787282 2.24063 0.126822 10
-0.114975 0.0535216 2.24268 0.126822 10
0.0990553 -0.0791945 2.24473 0.126822 10
-0.114468 0.0545993 2.24677 0.126822 10
-0.11421 0.0551362 2.24882 0.126822 10
0.0986824 -0.079659 2.25086 0.126822 10
-0.113687 0.0562067 2.25291 0.126822 10
0.0983076 -0.080122 2.25495 0.126822 10
-0.113153 0.0572724 2.257 0.126822 10
0.09793 -0.0805821 2.25904 0.126822 10
-0.112611 0.0583324 2.26109 0.126822 10
-0.112335 0.0588608 2.26313 0.126822 10
0.0975513 -0.0810418 2.26518 0.126822 10
-0.111777 0.0599136 2.26722 0.126822 10
0.0971689 -0.0814991 2.26927 0.126822 10
-0.11121 0.0609608 2.27131 0.126822 10
0.0967846 -0.0819545 2.27336 0.126822 10
-0.110632 0.0620027 2.2754 0.126822 10
0.0963993 -0.082408 2.27745 0.126822 10
-0.110044 0.0630393 2.2795 0.126822 10
-0.109747 0.0635557 2.28154 0.126822 10
0.0960112 -0.08286 2.28359 0.126822 10
-0.109145 0.0645838 2.28563 0.126822 10
0.0956211 -0.0833101 2.28768 0.126822 10
-0.108534 0.0656066 2.28972 0.126822 10
0.0952282 -0.0837584 2.29177 0.126822 10
-0.107913 0.0666232 2.29381 0.126822 10
-0.107598 0.0671291 2.29586 0.126822 10
0.0948334 -0.0842042 2.2979 0.126822 10
-0.106963 0.0681372 2.29995 0.126822 10
0.0944376 -0.0846496 2.30199 0.126822 10
-0.106318 0.069139 2.30404 0.126822 10
0.094039 -0.0850921 2.30608 0.126822 10
-0.105664 0.0701346 2.30813 0.126822 10
-0.105333 0.0706306 2.31018 0.126822 10
0.0936375 -0.0855327 2.31222 0.126822 10
-0.104666 0.0716166 2.31427 0.126822 10
0.093235 -0.0859714 2.31631 0.126822 10
-0.103988 0.0725965 2.31836 0.126822 10
0.0928307 -0.0864086 2.3204 0.126822 10
-0.103302 0.0735703 2.32245 0.126822 10
0.0924234 -0.0868435 2.32449 0.126822 10
-0.102606 0.0745378 2.32654 0.126822 10
-0.102255 0.0750189 2.32858 0.126822 10
0.0920143 -0.0872765 2.33063 0.126822 10
-0.101545 0.0759764 2.33267 0.126822 10
0.0916033 -0.087708 2.33472 0.126822 10
-0.100827 0.0769267 2.33676 0.126822 10
0.0911903 -0.0881371 2.33881 0.126822 10
-0.1001 0.0778699 2.34085 0.126822 10
-0.0997334 0.0783401 2.3429 0.126822 10
0.0907755 -0.0885644 2.34495 0.126822 10
-0.0989923 0.0792732 2.34699 0.126822 10
0.0903587 -0.0889902 2.34904 0.126822 10
-0.0982447 0.0801997 2.35108 0.126822 10
0.0899391 -0.0894136 2.35313 0.126822 10
-0.0974855 0.0811195 2.35517 0.126822 10
0.0895176 -0.0898352 2.35722 0.126822 10
-0.0967197 0.0820317 2.35926 0.126822 10
-0.0963335 0.0824842 2.36131 0.126822 10
0.0890951 -0.0902543 2.36335 0.126822 10
-0.0955544 0.0833859 2.3654 0.126822 10
0.0886707 -0.090672 2.36744 0.126822 10
-0.0947676 0.08428 2.36949 0.126822 10
0.0882435 -0.0910873 2.37153 0.126822 10
-0.0939703 0.0851665 2.37358 0.126822 10
-0.0935698 0.0856071 2.37562 0.126822 10
0.0878143 -0.0915008 2.37767 0.126822 10
-0.092761 0.086482 2.37972 0.126822 10
0.0873842 -0.0919127 2.38176 0.126822 10
-0.0919447 0.0873499 2.38381 0.126822 10
0.0869513 -0.0923219 2.38585 0.126822 10
-0.0911207 0.0882096 2.3879 0.126822 10
-0.0907049 0.0886369 2.38994 0.126822 10
0.0865164 -0.0927296 2.39199 0.126822 10
-0.0898676 0.0894852 2.39403 0.126822 10
0.0860796 -0.0931344 2.39608 0.126822 10
-0.0890236 0.0903254 2.39812 0.126822 10
0.0856419 -0.0935378 2.40017 0.126822 10
-0.088171 0.0911574 2.40221 0.126822 10
0.0852013 -0.0939393 2.40426 0.126822 10
-0.0873108 0.0919819 2.4063 0.126822 10
-0.0868778 0.092391 2.40835 0.126822 10
0.0847597 -0.0943384 2.4104 0.126822 10
-0.0860062 0.0932031 2.41244 0.126822 10
0.0843163 -0.0947351 2.41449 0.126822 10
-0.0851269 0.094007 2.41653 0.126822 10
0.0838699 -0.09513 2.41858 0.126822 10
-0.08424 0.0948024 2.42062 0.126822 10
-0.0837936 0.0951967 2.42267 0.126822 10
0.0834217 -0.0955234 2.42471 0.126822 10
-0.0828953 0.0959797 2.42676 0.126822 10
0.0829716 -0.0959139 2.4288 0.126822 10
-0.0819902 0.0967546 2.43085 0.126822 10
0.0825214 -0.0963025 2.43289 0.126822 10
-0.0810785 0.0975204 2.43494 0.126822 10
-0.0806189 0.0978999 2.43698 0.126822 10
0.0820675 -0.0966887 2.43903 0.126822 10
-0.0796947 0.0986533 2.44107 0.126822 10
0.0816126 -0.097074 2.44312 0.126822 10
-0.0787659 0.0993977 2.44517 0.126822 10
0.0811548 -0.0974555 2.44721 0.126822 10
-0.0778284 0.100133 2.44926 0.126822 10
0.0806971 -0.097836 2.4513 0.126822 10
-0.0768843 0.10086 2.45335 0.126822 10
-0.0764093 0.10122 2.45539 0.126822 10
0.0802364 -0.0982141 2.45744 0.126822 10
-0.0754557 0.101933 2.45948 0.126822 10
0.0797739 -0.0985894 2.46153 0.126822 10
-0.0744953 0.102637 2.46357 0.126822 10
0.0793095 -0.0989633 2.46562 0.126822 10
-0.0735273 0.103333 2.46766 0.126822 10
-0.07304 0.103677 2.46971 0.126822 10
0.078845 -0.0993347 2.47175 0.126822 10
-0.0720644 0.104359 2.4738 0.126822 10
0.0783768 -0.0997038 2.47585 0.126822 10
-0.0710802 0.105031 2.47789 0.126822 10
0.0779076 -0.100071 2.47994 0.126822 10
-0.0700903 0.105694 2.48198 0.126822 10
0.0774374 -0.100436 2.48403 0.126822 10
-0.0690947 0.106348 2.48607 0.126822 10
-0.068594 0.106671 2.48812 0.126822 10
0.0769644 -0.100799 2.49016 0.126822 10
-0.0675898 0.107311 2.49221 0.126822 10
0.0764904 -0.101159 2.49425 0.126822 10
-0.0665779 0.107941 2.4963 0.126822 10
0.0760136 -0.101517 2.49834 0.126822 10
-0.0655613 0.108562 2.50039 0.126822 10
-0.0650501 0.108868 2.50243 0.126822 10
0.0755358 -0.101873 2.50448 0.126822 10
-0.0640249 0.109475 2.50652 0.126822 10
0.075057 -0.102227 2.50857 0.126822 10
-0.062993 0.110071 2.51062 0.126822 10
0.0745764 -0.102578 2.51266 0.126822 10
-0.0619564 0.110658 2.51471 0.126822 10
-0.0614357 0.110948 2.51675 0.126822 10
0.0740938 -0.102927 2.5188 0.126822 10
-0.0603914 0.111521 2.52084 0.126822 10
0.0736094 -0.103274 2.52289 0.126822 10
-0.0593405 0.112083 2.52493 0.126822 10
0.073123 -0.103619 2.52698 0.126822 10
-0.0582857 0.112635 2.52902 0.126822 10
0.0726347 -0.103961 2.53107 0.126822 10
-0.0572252 0.113178 2.53311 0.126822 10
-0.0566921 0.113445 2.53516 0.126822 10
0.0721474 -0.104301 2.5372 0.126822 10
-0.0556231 0.113973 2.53925 0.126822 10
0.0716562 -0.104639 2.54129 0.126822 10
-0.0545511 0.114491 2.54334 0.126822 10
0.0711632 -0.104974 2.54539 0.126822 10
-0.0534735 0.114998 2.54743 0.126822 10
-0.0529318 0.115248 2.54948 0.126822 10
0.0706701 -0.105308 2.55152 0.126822 10
-0.0518475 0.11574 2.55357 0.126822 10
0.0701742 -0.105639 2.55561 0.126822 10
-0.0676775 0.154963 2.55766 0.169096 10
0.0929031 -0.141289 2.5597 0.169096 10
-0.0662184 0.155591 2.56175 0.169096 10
-0.0654879 0.155901 2.56379 0.169096 10
0.0922384 -0.141724 2.56584 0.169096 10
-0.0640202 0.156509 2.56788 0.169096 10
0.0915709 -0.142155 2.56993 0.169096 10
-0.0625458 0.157104 2.57197 0.169096 10
0.0909033 -0.142584 2.57402 0.169096 10
-0.0610676 0.157684 2.57607 0.169096 10
0.0902319 -0.14301 2.57811 0.169096 10
-0.0595837 0.158251 2.58016 0.169096 10
-0.0588398 0.158529 2.5822 0.169096 10
0.0895586 -0.143432 2.58425 0.169096 10
-0.0573473 0.159075 2.58629 0.169096 10
0.0888853 -0.143851 2.58834 0.169096 10
-0.055851 0.159607 2.59038 0.169096 10
0.0882072 -0.144267 2.59243 0.169096 10
-0.0543489 0.160124 2.59447 0.169096 10
-0.0535975 0.160378 2.59652 0.169096 10
0.0875301 -0.144679 2.59856 0.169096 10
-0.0520868 0.160874 2.60061 0.169096 10
0.0868483 -0.145089 2.60265 0.169096 10
-0.0505733 0.161356 2.6047 0.169096 10
0.0861654 -0.145495 2.60674 0.169096 10
-0.0490561 0.161824 2.60879 0.169096 10
0.0854816 -0.145898 2.61084 0.169096 10
-0.047534 0.162278 2.61288 0.169096 10
-0.0467701 0.162499 2.61493 0.169096 10
0.084795 -0.146298 2.61697 0.169096 10
-0.0452423 0.162932 2.61902 0.169096 10
0.0841074 -0.146695 2.62106 0.169096 10
-0.0437088 0.163349 2.62311 0.169096 10
0.0834179 -0.147089 2.62515 0.169096 10
-0.0421724 0.163754 2.6272 0.169096 10
-0.0414038 0.163949 2.62924 0.169096 10
0.0827255 -0.147479 2.63129 0.169096 10
-0.0398617 0.164331 2.63333 0.169096 10
0.0820322 -0.147866 2.63538 0.169096 10
-0.0383158 0.164698 2.63742 0.169096 10
0.081337 -0.148249 2.63947 0.169096 10
-0.036767 0.165051 2.64152 0.169096 10
-0.0359917 0.165222 2.64356 0.169096 10
0.0806398 -0.14863 2.64561 0.169096 10
-0.0344381 0.165553 2.64765 0.169096 10
0.0799408 -0.149007 2.6497 0.169096 10
-0.0328808 0.165869 2.65174 0.169096 10
0.0792398 -0.149381 2.65379 0.169096 10
-0.0313215 0.16617 2.65583 0.169096 10
0.0785379 -0.149751 2.65788 0.169096 10
-0.0297594 0.166457 2.65992 0.169096 10
-0.0289774 0.166595 2.66197 0.169096 10
0.0778332 -0.150118 2.66401 0.169096 10
-0.0274105 0.16686 2.66606 0.169096 10
0.0771265 -0.150483 2.6681 0.169096 10
-0.0258427 0.16711 2.67015 0.169096 10
0.0764189 -0.150843 2.67219 0.169096 10
-0.0242701 0.167346 2.67424 0.169096 10
-0.0234842 0.167458 2.67629 0.169096 10
0.0757113 -0.1512 2.67833 0.169096 10
-0.0219107 0.167671 2.68038 0.169096 10
0.0749989 -0.151554 2.68242 0.169096 10
-0.0203342 0.16787 2.68447 0.169096 10
0.0742855 -0.151905 2.68651 0.169096 10
-0.0187569 0.168053 2.68856 0.169096 10
0.0735712 -0.152252 2.6906 0.169096 10
-0.0171757 0.168222 2.69265 0.169096 10
-0.016386 0.1683 2.69469 0.169096 10
0.0728559 -0.152596 2.69674 0.169096 10
-0.0148048 0.168447 2.69878 0.169096 10
0.0721378 -0.152936 2.70083 0.169096 10
-0.0132217 0.168579 2.70287 0.169096 10
0.0714188 -0.153274 2.70492 0.169096 10
-0.0145464 0.21087 2.70696 0.21137 10
-0.0135555 0.210935 2.70901 0.21137 10
0.0883722 -0.192009 2.71106 0.21137 10
-0.0115728 0.211054 2.7131 0.21137 10
0.087471 -0.192422 2.71515 0.21137 10
-0.0095911 0.211153 2.71719 0.21137 10
0.086565 -0.192831 2.71924 0.21137 10
-0.00760746 0.211234 2.72128 0.21137 10
-0.00661373 0.211267 2.72333 0.21137 10
0.085659 -0.193235 2.72537 0.21137 10
-0.00462914 0.21132 2.72742 0.21137 10
0.0847502 -0.193635 2.72946 0.21137 10
-0.00264549 0.211354 2.73151 0.21137 10
0.0838394 -0.194032 2.73355 0.21137 10
-0.000658989 0.21137 2.7356 0.21137 10
0.0829277 -0.194424 2.73764 0.21137 10
0.00132751 0.211366 2.73969 0.21137 10
0.00232029 0.211358 2.74173 0.21137 10
0.0820131 -0.19481 2.74378 0.21137 10
0.00430489 0.211327 2.74583 0.21137 10
0.0810966 -0.195194 2.74787 0.21137 10
0.00628948 0.211277 2.74992 0.21137 10
0.0801792 -0.195572 2.75196 0.21137 10
0.00827503 0.211208 2.75401 0.21137 10
0.00926781 0.211167 2.75605 0.21137 10
0.0792589 -0.195947 2.7581 0.21137 10
0.0112495 0.211071 2.76014 0.21137 10
0.0783386 -0.196317 2.76219 0.21137 10
0.0132322 0.210956 2.76423 0.21137 10
0.0774145 -0.196683 2.76628 0.21137 10
0.015213 0.210823 2.76832 0.21137 10
0.0162039 0.210749 2.77037 0.21137 10
0.0764914 -0.197044 2.77241 0.21137 10
0.0181837 0.210587 2.77446 0.21137 10
0.0755634 -0.197402 2.77651 0.21137 10
0.0201597 0.210407 2.77855 0.21137 10
0.0746365 -0.197754 2.7806 0.21137 10
0.0221357 0.210208 2.78264 0.21137 10
0.0737066 -0.198103 2.78469 0.21137 10
0.0289316 0.251989 2.78673 0.253644 10
0.0301151 0.251851 2.78878 0.253644 10
0.0873308 -0.238136 2.79082 0.253644 10
0.0324802 0.251556 2.79287 0.253644 10
0.0862103 -0.238544 2.79491 0.253644 10
0.0348415 0.251241 2.79696 0.253644 10
0.0850897 -0.238946 2.799 0.253644 10
0.0372 0.250902 2.80105 0.253644 10
0.0383778 0.250724 2.80309 0.253644 10
0.0839653 -0.239343 2.80514 0.253644 10
0.0407314 0.250353 2.80718 0.253644 10
0.0828409 -0.239735 2.80923 0.253644 10
0.0430822 0.249959 2.81128 0.253644 10
0.0817146 -0.240121 2.81332 0.253644 10
0.0454273 0.249544 2.81537 0.253644 10
0.0805855 -0.240502 2.81741 0.253644 10
0.0477705 0.249105 2.81946 0.253644 10
0.0489388 0.248878 2.8215 0.253644 10
0.0794544 -0.240879 2.82355 0.253644 10
0.0512753 0.248407 2.82559 0.253644 10
0.0783224 -0.241249 2.82764 0.253644 10
0.053607 0.247915 2.82968 0.253644 10
0.0771875 -0.241614 2.83173 0.253644 10
0.055933 0.247401 2.83377 0.253644 10
0.0570955 0.247135 2.83582 0.253644 10
0.0760527 -0.241974 2.83786 0.253644 10
0.059413 0.246588 2.83991 0.253644 10
0.0749149 -0.242328 2.84196 0.253644 10
0.0720148 0.287022 2.844 0.295918 10
0.086072 -0.283124 2.84605 0.295918 10
0.0747089 0.286333 2.84809 0.295918 10
0.0760527 0.285979 2.85014 0.295918 10
0.0847416 -0.283525 2.85218 0.295918 10
0.0787363 0.285251 2.85423 0.295918 10
0.0834084 -0.28392 2.85627 0.295918 10
0.0814123 0.284499 2.85832 0.295918 10
0.0820732 -0.284309 2.86036 0.295918 10
0.0840816 0.283721 2.86241 0.295918 10
0.0807381 -0.284691 2.86445 0.295918 10
0.0867434 0.282919 2.8665 0.295918 10
0.0880709 0.282509 2.86854 0.295918 10
0.0793991 -0.285067 2.87059 0.295918 10
0.0907211 0.281669 2.87263 0.295918 10
0.0780602 -0.285437 2.87468 0.295918 10
0.0933628 0.280804 2.87673 0.295918 10
0.0767183 -0.2858 2.87877 0.295918 10
0.109711 0.319903 2.88082 0.338192 10
0.111212 0.319384 2.88286 0.338192 10
0.0861435 -0.327037 2.88491 0.338192 10
0.114208 0.318326 2.88695 0.338192 10
0.0846062 -0.327438 2.889 0.338192 10
0.117193 0.317238 2.89104 0.338192 10
0.0830669 -0.327832 2.89309 0.338192 10
0.120167 0.316123 2.89513 0.338192 10
0.121651 0.315555 2.89718 0.338192 10
0.0815258 -0.328219 2.89922 0.338192 10
0.12461 0.314399 2.90127 0.338192 10
0.0799828 -0.328598 2.90331 0.338192 10
0.127558 0.313214 2.90536 0.338192 10
0.0784388 -0.32897 2.9074 0.338192 10
0.146807 0.351003 2.90945 0.380466 10
0.086504 -0.370502 2.9115 0.380466 10
0.150098 0.349608 2.91354 0.380466 10
0.151739 0.348899 2.91559 0.380466 10
0.0847626 -0.370904 2.91763 0.380466 10
0.155009 0.347458 2.91968 0.380466 10
0.0830193 -0.371298 2.92172 0.380466 10
0.158267 0.345987 2.92377 0.380466 10
0.081274 -0.371684 2.92581 0.380466 10
0.16151 0.344484 2.92786 0.380466 10
0.163126 0.343722 2.9299 0.380466 10
0.0795279 -0.372062 2.93195 0.380466 10
0.184831 0.380194 2.93399 0.422741 10
0.086422 -0.413813 2.93604 0.422741 10
0.188394 0.378441 2.93808 0.422741 10
0.0844774 -0.414214 2.94013 0.422741 10
0.19194 0.376654 2.94218 0.422741 10
0.082531 -0.414606 2.94422 0.422741 10
0.195471 0.374835 2.94627 0.422741 10
0.197229 0.373912 2.94831 0.422741 10
0.0805826 -0.414989 2.95036 0.422741 10
0.220807 0.409247 2.9524 0.465015 10
0.0864954 -0.4569 2.95445 0.465015 10
0.224641 0.407155 2.95649 0.465015 10
0.0843487 -0.4573 2.95854 0.465015 10
0.228456 0.405026 2.96058 0.465015 10
0.230357 0.403949 2.96263 0.465015 10
0.0822001 -0.457692 2.96467 0.465015 10
0.255426 0.438291 2.96672 0.507289 10
0.0873251 -0.499716 2.96876 0.507289 10
0.259532 0.435873 2.97081 0.507289 10
0.0849781 -0.500121 2.97285 0.507289 10
0.285583 0.469533 2.9749 0.549563 10
0.287786 0.468186 2.97695 0.549563 10
0.0895138 -0.542223 2.97899 0.549563 10
0.292171 0.465463 2.98104 0.549563 10
0.0869646 -0.542638 2.98308 0.549563 10
0.296532 0.462697 2.98513 0.549563 10
0.0844154 -0.54304 2.98717 0.549563 10
0.324008 0.495268 2.98922 0.591837 10
0.0881615 -0.585234 2.99126 0.591837 10
0.352121 0.527359 2.99331 0.634111 10
0.354593 0.525699 2.99535 0.634111 10
0.0915117 -0.627472 2.9974 0.634111 10
0.359517 0.522345 2.99944 0.634111 10
0.0885639 -0.627895 3.00149 0.634111 10
0.388701 0.553541 3.00353 0.676385 10
0.091321 -0.670192 3.00558 0.676385 10
0.418503 0.584232 3.00763 0.718659 10
0.421243 0.58226 3.00967 0.718659 10
0.0936832 -0.712526 3.01172 0.718659 10
0.426693 0.578277 3.01376 0.718659 10
0.0903358 -0.712959 3.01581 0.718659 10
0.457525 0.608021 3.01785 0.760933 10
0.092103 -0.755338 3.0199 0.760933 10
0.488952 0.637235 3.02194 0.803207 10
0.0934725 -0.79775 3.02399 0.803207 10
0.520964 0.665909 3.02603 0.845481 10
0.524087 0.663455 3.02808 0.845481 10
0.0944471 -0.840189 3.03012 0.845481 10
0.583324 0.724352 3.03217 0.930029 10
0.0995483 -0.924686 3.03421 0.930029 10
0.616927 0.751515 3.03626 0.972303 10
0.0995312 -0.967195 3.0383 0.972303 10
0.678216 0.810529 3.04035 1.05685 10
0.682016 0.807334 3.0424 1.05685 10
0.103249 -1.0518 3.04444 1.05685 10
0.744737 0.864963 3.04649 1.1414 10
0.106172 -1.13645 3.04853 1.1414 10
0.808594 0.921479 3.05058 1.22595 10
0.108301 -1.22115 3.05262 1.22595 10
0.873575 0.976865 3.05467 1.3105 10
0.878153 0.972752 3.05671 1.3105 10
0.109636 -1.3059 3.05876 1.3105 10
0.973115 1.05779 3.0608 1.43732 10
0.113519 -1.43283 3.06285 1.43732 10
1.09866 1.17197 3.06489 1.60641 10
0.119349 -1.60197 3.06694 1.60641 10
1.25562 1.31444 3.06898 1.81778 10
0.126537 -1.81337 3.07103 1.81778 10
1.44483 1.48434 3.07307 2.07143 10
1.45179 1.47754 3.07512 2.07143 10
0.134485 -2.06706 3.07717 2.07143 10
1.7348 1.7327 3.07921 2.45189 10
0.147694 -2.44744 3.08126 2.45189 10
2.11327 2.07143 3.0833 2.95918 10
0.164374 -2.95461 3.08535 2.95918 10
2.68103 2.57901 3.08739 3.72011 10
2.69312 2.56639 3.08944 3.72011 10
0.189191 -3.7153 3.09148 3.72011 10
0 0 3.09353 0 -1
-14.6243 5.56683 3.09557 0 -1
0 0 3.09762 0 -1
-14.6243 5.56683 3.09966 0 -1
0 0 3.10171 0 -1
0 0 3.10375 0 -1
-14.6243 5.56683 3.1058 0 -1
0 0 3.10785 0 -1
-14.6243 5.56683 3.10989 0 -1
0 0 3.11194 0 -1
-14.6243 5.56683 3.11398 0 -1
0 0 3.11603 0 -1
-14.6243 5.56683 3.11807 0 -1
0 0 3.12012 0 -1
0 0 3.12216 0 -1
-14.6243 5.56683 3.12421 0 -1
0 0 3.12625 0 -1
-14.6243 5.56683 3.1283 0 -1
0 0 3.13034 0 -1
-14.6243 5.56683 3.13239 0 -1
0 0 3.13443 0 -1
0 0 3.13648 0 -1
-14.6243 5.56683 3.13852 0 -1
0 0 3.14057 0 -1
-14.6243 5.56683 3.14262 0 -1
0 0 3.14466 0 -1
-14.6243 5.56683 3.14671 0 -1
0 0 3.14875 0 -1
-14.6243 5.56683 3.1508 0 -1
0 0 3.15284 0 -1
0 0 3.15489 0 -1
-14.6243 5.56683 3.15693 0 -1
0 0 3.15898 0 -1
-14.6243 5.56683 3.16102 0 -1
0 0 3.16307 0 -1
-14.6243 5.56683 3.16511 0 -1
0 0 3.16716 0 -1
0 0 3.1692 0 -1
-14.6243 5.56683 3.17125 0 -1
0 0 3.1733 0 -1
-14.6243 5.56683 3.17534 0 -1
0 0 3.17739 0 -1
-14.6243 5.56683 3.17943 0 -1
0 0 3.18148 0 -1
0 0 3.18352 0 -1
-14.6243 5.56683 3.18557 0 -1
0 0 3.18761 0 -1
-14.6243 5.56683 3.18966 0 -1
0 0 3.1917 0 -1
-14.6243 5.56683 3.19375 0 -1
0 0 3.19579 0 -1
-14.6243 5.56683 3.19784 0 -1
0 0 3.19988 0 -1
0 0 3.20193 0 -1
-14.6243 5.56683 3.20397 0 -1
0 0 3.20602 0 -1
-14.6243 5.56683 3.20807 0 -1
0 0 3.21011 0 -1
-14.6243 5.56683 3.21216 0 -1
0 0 3.2142 0 -1
0 0 3.21625 0 -1
-14.6243 5.56683 3.21829 0 -1
0 0 3.22034 0 -1
-14.6243 5.56683 3.22238 0 -1
0 0 3.22443 0 -1
-14.6243 5.56683 3.22647 0 -1
0 0 3.22852 0 -1
0 0 3.23056 0 -1
-14.6243 5.56683 3.23261 0 -1
0 0 3.23465 0 -1
-14.6243 5.56683 3.2367 0 -1
0 0 3.23874 0 -1
-14.6243 5.56683 3.24079 0 -1
0 0 3.24284 0 -1
-14.6243 5.56683 3.24488 0 -1
0 0 3.24693 0 -1
0 0 3.24897 0 -1
-14.6243 5.56683 3.25102 0 -1
0 0 3.25306 0 -1
-14.6243 5.56683 3.25511 0 -1
0 0 3.25715 0 -1
-14.6243 5.56683 3.2592 0 -1
0 0 3.26124 0 -1
0 0 3.26329 0 -1
-14.6243 5.56683 3.26533 0 -1
0 0 3.26738 0 -1
-14.6243 5.56683 3.26942 0 -1
0 0 3.27147 0 -1
-14.6243 5.56683 3.27351 0 -1
0 0 3.27556 0 -1
-14.6243 5.56683 3.27761 0 -1
0 0 3.27965 0 -1
0 0 3.2817 0 -1
-14.6243 5.56683 3.28374 0 -1
0 0 3.28579 0 -1
-14.6243 5.56683 3.28783 0 -1
0 0 3.28988 0 -1
-14.6243 5.56683 3.29192 0 -1
0 0 3.29397 0 -1
0 0 3.29601 0 -1
-14.6243 5.56683 3.29806 0 -1
0 0 3.3001 0 -1
-14.6243 5.56683 3.30215 0 -1
0 0 3.30419 0 -1
-14.6243 5.56683 3.30624 0 -1
0 0 3.30829 0 -1
0 0 3.31033 0 -1
-14.6243 5.56683 3.31238 0 -1
0 0 3.31442 0 -1
-14.6243 5.56683 3.31647 0 -1
0 0 3.31851 0 -1
-14.6243 5.56683 3.32056 0 -1
0 0 3.3226 0 -1
-14.6243 5.56683 3.32465 0 -1
0 0 3.32669 0 -1
0 0 3.32874 0 -1
-14.6243 5.56683 3.33078 0 -1
0 0 3.33283 0 -1
-14.6243 5.56683 3.33487 0 -1
0 0 3.33692 0 -1
-14.6243 5.56683 3.33896 0 -1
0 0 3.34101 0 -1
0 0 3.34306 0 -1
-14.6243 5.56683 3.3451 0 -1
0 0 3.34715 0 -1
-14.6243 5.56683 3.34919 0 -1
0 0 3.35124 0 -1
-14.6243 5.56683 3.35328 0 -1
0 0 3.35533 0 -1
-14.6243 5.56683 3.35737 0 -1
0 0 3.35942 0 -1
0 0 3.36146 0 -1
-14.6243 5.56683 3.36351 0 -1
0 0 3.36555 0 -1
-14.6243 5.56683 3.3676 0 -1
0 0 3.36964 0 -1
-14.6243 5.56683 3.37169 0 -1
0 0 3.37374 0 -1
0 0 3.37578 0 -1
-14.6243 5.56683 3.37783 0 -1
0 0 3.37987 0 -1
-14.6243 5.56683 3.38192 0 -1
0 0 3.38396 0 -1
-14.6243 5.56683 3.38601 0 -1
0 0 3.38805 0 -1
0 0 3.3901 0 -1
-14.6243 5.56683 3.39214 0 -1
0 0 3.39419 0 -1
-14.6243 5.56683 3.39623 0 -1
0 0 3.39828 0 -1
-14.6243 5.56683 3.40032 0 -1
0 0 3.40237 0 -1
-14.6243 5.56683 3.40441 0 -1
0 0 3.40646 0 -1
0 0 3.40851 0 -1
-14.6243 5.56683 3.41055 0 -1
0 0 3.4126 0 -1
-14.6243 5.56683 3.41464 0 -1
0 0 3.41669 0 -1
-14.6243 5.56683 3.41873 0 -1
0 0 3.42078 0 -1
0 0 3.42282 0 -1
-14.6243 5.56683 3.42487 0 -1
0 0 3.42691 0 -1
-14.6243 5.56683 3.42896 0 -1
0 0 3.431 0 -1
-14.6243 5.56683 3.43305 0 -1
0 0 3.43509 0 -1
0 0 3.43714 0 -1
-14.6243 5.56683 3.43918 0 -1
0 0 3.44123 0 -1
-14.6243 5.56683 3.44328 0 -1
0 0 3.44532 0 -1
-14.6243 5.56683 3.44737 0 -1
0 0 3.44941 0 -1
-14.6243 5.56683 3.45146 0 -1
0 0 3.4535 0 -1
0 0 3.45555 0 -1
-14.6243 5.56683 3.45759 0 -1
0 0 3.45964 0 -1
-14.6243 5.56683 3.46168 0 -1
0 0 3.46373 0 -1
-14.6243 5.56683 3.46577 0 -1
0 0 3.46782 0 -1
0 0 3.46986 0 -1
-14.6243 5.56683 3.47191 0 -1
0 0 3.47396 0 -1
-14.6243 5.56683 3.476 0 -1
0 0 3.47805 0 -1
-14.6243 5.56683 3.48009 0 -1
0 0 3.48214 0 -1
-14.6243 5.56683 3.48418 0 -1
0 0 3.48623 0 -1
0 0 3.48827 0 -1
-14.6243 5.56683 3.49032 0 -1
0 0 3.49236 0 -1
-14.6243 5.56683 3.49441 0 -1
0 0 3.49645 0 -1
-14.6243 5.56683 3.4985 0 -1
0 0 3.50054 0 -1
0 0 3.50259 0 -1
-14.6243 5.56683 3.50463 0 -1
0 0 3.50668 0 -1
-14.6243 5.56683 3.50873 0 -1
0 0 3.51077 0 -1
-14.6243 5.56683 3.51282 0 -1
0 0 3.51486 0 -1
0 0 3.51691 0 -1
-14.6243 5.56683 3.51895 0 -1
0 0 3.521 0 -1
-14.6243 5.56683 3.52304 0 -1
0 0 3.52509 0 -1
-14.6243 5.56683 3.52713 0 -1
0 0 3.52918 0 -1
-14.6243 5.56683 3.53122 0 -1
0 0 3.53327 0 -1
0 0 3.53531 0 -1
-14.6243 5.56683 3.53736 0 -1
0 0 3.53941 0 -1
-14.6243 5.56683 3.54145 0 -1
0 0 3.5435 0 -1
-14.6243 5.56683 3.54554 0 -1
0 0 3.54759 0 -1
0 0 3.54963 0 -1
-14.6243 5.56683 3.55168 0 -1
0 0 3.55372 0 -1
-14.6243 5.56683 3.55577 0 -1
0 0 3.55781 0 -1
-14.6243 5.56683 3.55986 0 -1
0 0 3.5619 0 -1
0 0 3.56395 0 -1
-14.6243 5.56683 3.56599 0 -1
0 0 3.56804 0 -1
-14.6243 5.56683 3.57008 0 -1
0 0 3.57213 0 -1
-14.6243 5.56683 3.57418 0 -1
0 0 3.57622 0 -1
-14.6243 5.56683 3.57827 0 -1
0 0 3.58031 0 -1
0 0 3.58236 0 -1
-14.6243 5.56683 3.5844 0 -1
0 0 3.58645 0 -1
-14.6243 5.56683 3.58849 0 -1
0 0 3.59054 0 -1
-14.6243 5.56683 3.59258 0 -1
0 0 3.59463 0 -1
0 0 3.59667 0 -1
-14.6243 5.56683 3.59872 0 -1
0 0 3.60076 0 -1
-14.6243 5.56683 3.60281 0 -1
0 0 3.60485 0 -1
-14.6243 5.56683 3.6069 0 -1
0 0 3.60895 0 -1
-14.6243 5.56683 3.61099 0 -1
0 0 3.61304 0 -1
0 0 3.61508 0 -1
-14.6243 5.56683 3.61713 0 -1
0 0 3.61917 0 -1
-14.6243 5.56683 3.62122 0 -1
0 0 3.62326 0 -1
-14.6243 5.56683 3.62531 0 -1
0 0 3.62735 0 -1
0 0 3.6294 0 -1
-14.6243 5.56683 3.63144 0 -1
0 0 3.63349 0 -1
-14.6243 5.56683 3.63553 0 -1
0 0 3.63758 0 -1
-14.6243 5.56683 3.63963 0 -1
0 0 3.64167 0 -1
0 0 3.64372 0 -1
-14.6243 5.56683 3.64576 0 -1
0 0 3.64781 0 -1
-14.6243 5.56683 3.64985 0 -1
0 0 3.6519 0 -1
-14.6243 5.56683 3.65394 0 -1
0 0 3.65599 0 -1
-14.6243 5.56683 3.65803 0 -1
0 0 3.66008 0 -1
0 0 3.66212 0 -1
-14.6243 5.56683 3.66417 0 -1
0 0 3.66621 0 -1
-14.6243 5.56683 3.66826 0 -1
0 0 3.6703 0 -1
-14.6243 5.56683 3.67235 0 -1
0 0 3.6744 0 -1
0 0 3.67644 0 -1
-14.6243 5.56683 3.67849 0 -1
0 0 3.68053 0 -1
-14.6243 5.56683 3.68258 0 -1
0 0 3.68462 0 -1
-14.6243 5.56683 3.68667 0 -1
0 0 3.68871 0 -1
-14.6243 5.56683 3.69076 0 -1
0 0 3.6928 0 -1
0 0 3.69485 0 -1
-14.6243 5.56683 3.69689 0 -1
0 0 3.69894 0 -1
-14.6243 5.56683 3.70098 0 -1
0 0 3.70303 0 -1
-14.6243 5.56683 3.70508 0 -1
0 0 3.70712 0 -1
0 0 3.70917 0 -1
-14.6243 5.56683 3.71121 0 -1
0 0 3.71326 0 -1
-14.6243 5.56683 3.7153 0 -1
0 0 3.71735 0 -1
-14.6243 5.56683 3.71939 0 -1
0 0 3.72144 0 -1
0 0 3.72348 0 -1
-14.6243 5.56683 3.72553 0 -1
0 0 3.72757 0 -1
-14.6243 5.56683 3.72962 0 -1
0 0 3.73166 0 -1
-14.6243 5.56683 3.73371 0 -1
0 0 3.73575 0 -1
-14.6243 5.56683 3.7378 0 -1
0 0 3.73985 0 -1
0 0 3.74189 0 -1
-14.6243 5.56683 3.74394 0 -1
0 0 3.74598 0 -1
-14.6243 5.56683 3.74803 0 -1
0 0 3.75007 0 -1
-14.6243 5.56683 3.75212 0 -1
0 0 3.75416 0 -1
0 0 3.75621 0 -1
-14.6243 5.56683 3.75825 0 -1
0 0 3.7603 0 -1
-14.6243 5.56683 3.76234 0 -1
0 0 3.76439 0 -1
-14.6243 5.56683 3.76643 0 -1
0 0 3.76848 0 -1
0 0 3.77052 0 -1
-14.6243 5.56683 3.77257 0 -1
0 0 3.77462 0 -1
-14.6243 5.56683 3.77666 0 -1
0 0 3.77871 0 -1
-14.6243 5.56683 3.78075 0 -1
0 0 3.7828 0 -1
-14.6243 5.56683 3.78484 0 -1
0 0 3.78689 0 -1
0 0 3.78893 0 -1
-14.6243 5.56683 3.79098 0 -1
0 0 3.79302 0 -1
-14.6243 5.56683 3.79507 0 -1
0 0 3.79711 0 -1
-14.6243 5.56683 3.79916 0 -1
0 0 3.8012 0 -1
0 0 3.80325 0 -1
-14.6243 5.56683 3.80529 0 -1
0 0 3.80734 0 -1
-14.6243 5.56683 3.80939 0 -1
0 0 3.81143 0 -1
-14.6243 5.56683 3.81348 0 -1
0 0 3.81552 0 -1
-14.6243 5.56683 3.81757 0 -1
0 0 3.81961 0 -1
0 0 3.82166 0 -1
-14.6243 5.56683 3.8237 0 -1
0 0 3.82575 0 -1
-14.6243 5.56683 3.82779 0 -1
0 0 3.82984 0 -1
-14.6243 5.56683 3.83188 0 -1
0 0 3.83393 0 -1
0 0 3.83597 0 -1
-14.6243 5.56683 3.83802 0 -1
0 0 3.84007 0 -1
-14.6243 5.56683 3.84211 0 -1
0 0 3.84416 0 -1
-14.6243 5.56683 3.8462 0 -1
0 0 3.84825 0 -1
0 0 3.85029 0 -1
-14.6243 5.56683 3.85234 0 -1
0 0 3.85438 0 -1
-14.6243 5.56683 3.85643 0 -1
0 0 3.85847 0 -1
-14.6243 5.56683 3.86052 0 -1
0 0 3.86256 0 -1
-14.6243 5.56683 3.86461 0 -1
0 0 3.86665 0 -1
0 0 3.8687 0 -1
-14.6243 5.56683 3.87074 0 -1
0 0 3.87279 0 -1
-14.6243 5.56683 3.87484 0 -1
0 0 3.87688 0 -1
-14.6243 5.56683 3.87893 0 -1
0 0 3.88097 0 -1
0 0 3.88302 0 -1
-14.6243 5.56683 3.88506 0 -1
0 0 3.88711 0 -1
-14.6243 5.56683 3.88915 0 -1
0 0 3.8912 0 -1
-14.6243 5.56683 3.89324 0 -1
0 0 3.89529 0 -1
0 0 3.89733 0 -1
-14.6243 5.56683 3.89938 0 -1
0 0 3.90142 0 -1
-14.6243 5.56683 3.90347 0 -1
0 0 3.90552 0 -1
-14.6243 5.56683 3.90756 0 -1
0 0 3.90961 0 -1
-14.6243 5.56683 3.91165 0 -1
0 0 3.9137 0 -1
0 0 3.91574 0 -1
-14.6243 5.56683 3.91779 0 -1
0 0 3.91983 0 -1
-14.6243 5.56683 3.92188 0 -1
0 0 3.92392 0 -1
-14.6243 5.56683 3.92597 0 -1
0 0 3.92801 0 -1
0 0 3.93006 0 -1
-14.6243 5.56683 3.9321 0 -1
0 0 3.93415 0 -1
-14.6243 5.56683 3.93619 0 -1
0 0 3.93824 0 -1
-14.6243 5.56683 3.94029 0 -1
0 0 3.94233 0 -1
-14.6243 5.56683 3.94438 0 -1
0 0 3.94642 0 -1
0 0 3.94847 0 -1
-14.6243 5.56683 3.95051 0 -1
0 0 3.95256 0 -1
-14.6243 5.56683 3.9546 0 -1
0 0 3.95665 0 -1
-14.6243 5.56683 3.95869 0 -1
0 0 3.96074 0 -1
0 0 3.96278 0 -1
-14.6243 5.56683 3.96483 0 -1
0 0 3.96687 0 -1
-14.6243 5.56683 3.96892 0 -1
0 0 3.97096 0 -1
-14.6243 5.56683 3.97301 0 -1
0 0 3.97506 0 -1
0 0 3.9771 0 -1
-14.6243 5.56683 3.97915 0 -1
0 0 3.98119 0 -1
-14.6243 5.56683 3.98324 0 -1
0 0 3.98528 0 -1
-14.6243 5.56683 3.98733 0 -1
0 0 3.98937 0 -1
-14.6243 5.56683 3.99142 0 -1
1.22016 -4.66221 3.99346 4.81924 10
1.19825 -4.66789 3.99551 4.81924 10
-3.63857 -3.16004 3.99755 4.81924 10
1.15435 -4.67895 3.9996 4.81924 10
-3.65337 -3.14291 4.00164 4.81924 10
1.11034 -4.68958 4.00369 4.81924 10
-3.66809 -3.12572 4.00574 4.81924 10
1.05688 -4.65858 4.00778 4.77696 10
1.03499 -4.66349 4.00983 4.77696 10
-3.65043 -3.08119 4.01187 4.77696 10
0.991136 -4.67301 4.01392 4.77696 10
-3.66486 -3.06401 4.01596 4.77696 10
0.938808 -4.64068 4.01801 4.73469 10
-3.64666 -3.0198 4.02005 4.73469 10
0.895175 -4.64929 4.0221 4.73469 10
-3.6608 -3.00264 4.02414 4.73469 10
0.851458 -4.6575 4.02619 4.73469 10
0.829574 -4.66145 4.02823 4.73469 10
-3.67486 -2.98541 4.03028 4.73469 10
0.778728 -4.62735 4.03232 4.69242 10
-3.65591 -2.94161 4.03437 4.69242 10
0.735227 -4.63446 4.03641 4.69242 10
-3.66969 -2.92441 4.03846 4.69242 10
0.685425 -4.59935 4.04051 4.65014 10
0.663815 -4.60252 4.04255 4.65014 10
-3.6502 -2.88095 4.0446 4.65014 10
0.620547 -4.60855 4.04664 4.65014 10
-3.66369 -2.86377 4.04869 4.65014 10
0.577229 -4.61418 4.05073 4.65014 10
-3.6771 -2.84653 4.05278 4.65014 10
0.529003 -4.5774 4.05482 4.60787 10
0.507498 -4.57983 4.05687 4.60787 10
-3.65688 -2.80351 4.05891 4.60787 10
0.46445 -4.5844 4.06096 4.60787 10
-3.67001 -2.7863 4.063 4.60787 10
0.421362 -4.58856 4.06505 4.60787 10
-3.68306 -2.76903 4.06709 4.60787 10
0.37477 -4.55019 4.06914 4.56559 10
-3.66211 -2.72645 4.07119 4.56559 10
0.332006 -4.55351 4.07323 4.56559 10
0.310616 -4.55501 4.07528 4.56559 10
-3.67488 -2.70922 4.07732 4.56559 10
0.26533 -4.51553 4.07937 4.52332 10
-3.65342 -2.66701 4.08141 4.52332 10
0.222902 -4.51782 4.08346 4.52332 10
-3.66591 -2.64982 4.0855 4.52332 10
0.180449 -4.51972 4.08755 4.52332 10
0.159219 -4.52052 4.08959 4.52332 10
-3.67832 -2.63257 4.09164 4.52332 10
0.115653 -4.47955 4.09368 4.48105 10
-3.65615 -2.59082 4.09573 4.48105 10
0.0735683 -4.48044 4.09777 4.48105 10
-3.66828 -2.57362 4.09982 4.48105 10
0.0314732 -4.48093 4.10186 4.48105 10
0.0104275 -4.48103 4.10391 4.48105 10
-3.68032 -2.55636 4.10596 4.48105 10
-0.0316706 -4.48093 4.108 4.48105 10
-3.69229 -2.53904 4.11005 4.48105 10
-0.0730696 -4.43817 4.11209 4.43877 10
-3.66923 -2.49788 4.11414 4.43877 10
-0.114757 -4.43729 4.11618 4.43877 10
-3.68092 -2.48062 4.11823 4.43877 10
-0.156437 -4.43601 4.12027 4.43877 10
-0.17727 -4.43523 4.12232 4.43877 10
-3.69254 -2.4633 4.12436 4.43877 10
-0.216845 -4.39115 4.12641 4.3965 10
-3.66879 -2.42264 4.12845 4.3965 10
-0.258083 -4.38892 4.1305 4.3965 10
-3.68013 -2.40538 4.13254 4.3965 10
-0.299305 -4.3863 4.13459 4.3965 10
-0.319901 -4.38484 4.13663 4.3965 10
-3.69139 -2.38807 4.13868 4.3965 10
-0.357609 -4.33951 4.14073 4.35422 10
-3.66696 -2.34791 4.14277 4.35422 10
-0.398357 -4.33596 4.14482 4.35422 10
-3.67795 -2.33066 4.14686 4.35422 10
-0.439075 -4.33203 4.14891 4.35422 10
-3.68885 -2.31335 4.15095 4.35422 10
-0.479752 -4.32771 4.153 4.35422 10
-0.500073 -4.32541 4.15504 4.35422 10
-3.69968 -2.296 4.15709 4.35422 10
-0.535433 -4.27858 4.15913 4.31195 10
-3.6744 -2.25648 4.16118 4.31195 10
-0.575603 -4.27336 4.16322 4.31195 10
-3.68496 -2.23919 4.16527 4.31195 10
-0.615725 -4.26776 4.16731 4.31195 10
-0.635763 -4.26482 4.16936 4.31195 10
-3.69544 -2.22186 4.17141 4.31195 10
-0.669176 -4.21691 4.17345 4.26968 10
-3.6695 -2.18286 4.1755 4.26968 10
-0.708757 -4.21044 4.17754 4.26968 10
-3.67971 -2.1656 4.17959 4.26968 10
-0.75569 -4.24521 4.18163 4.31195 10
-0.77562 -4.24162 4.18368 4.31195 10
-3.72638 -2.16957 4.18572 4.31195 10
-0.823428 -4.27565 4.18777 4.35422 10
-3.77316 -2.17314 4.18981 4.35422 10
-0.863557 -4.26773 4.19186 4.35422 10
-3.78333 -2.15539 4.1939 4.35422 10
-0.912384 -4.30078 4.19595 4.3965 10
-3.83024 -2.15835 4.19799 4.3965 10
-0.961908 -4.33329 4.20004 4.43877 10
-0.982251 -4.32873 4.20208 4.43877 10
-3.87726 -2.16091 4.20413 4.43877 10
-1.03261 -4.36045 4.20618 4.48105 10
-3.92439 -2.16308 4.20822 4.48105 10
-1.08366 -4.39159 4.21027 4.52332 10
-3.97162 -2.16486 4.21231 4.52332 10
-1.13538 -4.42217 4.21436 4.56559 10
-1.15614 -4.41678 4.2164 4.56559 10
-4.01896 -2.16624 4.21845 4.56559 10
-1.20867 -4.44652 4.22049 4.60787 10
-4.0664 -2.16722 4.22254 4.60787 10
-1.26186 -4.47566 4.22458 4.65014 10
-4.11393 -2.1678 4.22663 4.65014 10
-1.3157 -4.50419 4.22867 4.69242 10
-1.33684 -4.49796 4.23072 4.69242 10
-4.16156 -2.16799 4.23276 4.69242 10
-1.40388 -4.56601 4.23481 4.77696 10
-4.24686 -2.18713 4.23686 4.77696 10
-1.45952 -4.59291 4.2389 4.81924 10
-4.29476 -2.18633 4.24095 4.81924 10
-1.51578 -4.61917 4.24299 4.86151 10
-4.34275 -2.18514 4.24504 4.86151 10
-1.57266 -4.64477 4.24708 4.90379 10
-1.59446 -4.63732 4.24913 4.90379 10
-4.39082 -2.18354 4.25117 4.90379 10
-1.65208 -4.66199 4.25322 4.94606 10
-4.43896 -2.18153 4.25526 4.94606 10
-1.71029 -4.68597 4.25731 4.98833 10
-4.48719 -2.17913 4.25935 4.98833 10
-1.78397 -4.74885 4.2614 5.07288 10
-1.80626 -4.74042 4.26344 5.07288 10
-4.5736 -2.1946 4.26549 5.07288 10
-1.86613 -4.7626 4.26753 5.11516 10
-4.62206 -2.19121 4.26958 5.11516 10
-1.92658 -4.78407 4.27163 5.15743 10
-4.67058 -2.1874 4.27367 5.15743 10
-2.00376 -4.84389 4.27572 5.24198 10
-4.75754 -2.20094 4.27776 5.24198 10
-2.0657 -4.86376 4.27981 5.28425 10
-2.08852 -4.85401 4.28185 5.28425 10
-4.80628 -2.19614 4.2839 5.28425 10
-2.1511 -4.87285 4.28594 5.32653 10
-4.85507 -2.19092 4.28799 5.32653 10
-2.23165 -4.92944 4.29003 5.41107 10
-4.94254 -2.20251 4.29208 5.41107 10
-2.29566 -4.94661 4.29412 5.45335 10
-2.31887 -4.93577 4.29617 5.45335 10
-4.99152 -2.19629 4.29821 5.45335 10
-2.4018 -4.98995 4.30026 5.5379 10
-5.07933 -2.20651 4.3023 5.5379 10
-2.46726 -5.00509 4.30435 5.58017 10
-5.12849 -2.19929 4.3064 5.58017 10
-2.55227 -5.05717 4.30844 5.66472 10
-2.57599 -5.04512 4.31049 5.66472 10
-5.21662 -2.20813 4.31253 5.66472 10
-2.66242 -5.09564 4.31458 5.74927 10
-5.30495 -2.2162 4.31662 5.74927 10
-2.73011 -5.10769 4.31867 5.79154 10
-5.35439 -2.20737 4.32071 5.79154 10
-2.81852 -5.156 4.32276 5.87609 10
-5.44301 -2.21405 4.3248 5.87609 10
-2.90808 -5.2031 4.32685 5.96064 10
-2.93249 -5.18938 4.32889 5.96064 10
-5.53182 -2.21995 4.33094 5.96064 10
-3.0234 -5.23482 4.33298 6.04518 10
-5.6208 -2.22506 4.33503 6.04518 10
-3.11541 -5.279 4.33708 6.12973 10
-5.70994 -2.22938 4.33912 6.12973 10
-3.20852 -5.32191 4.34117 6.21428 10
-3.23348 -5.30678 4.34321 6.21428 10
-5.79925 -2.23292 4.34526 6.21428 10
-3.32786 -5.34795 4.3473 6.29883 10
-5.88872 -2.23566 4.34935 6.29883 10
-3.42329 -5.38781 4.35139 6.38338 10
-5.97834 -2.23762 4.35344 6.38338 10
-3.51976 -5.42635 4.35548 6.46792 10
-6.06811 -2.23877 4.35753 6.46792 10
-3.61726 -5.46354 4.35957 6.55247 10
-3.64288 -5.44649 4.36162 6.55247 10
-6.15801 -2.23914 4.36366 6.55247 10
-3.74155 -5.48186 4.36571 6.63702 10
-6.24806 -2.23871 4.36775 6.63702 10
-3.86536 -5.55054 4.3698 6.76384 10
-6.37809 -2.25155 4.37185 6.76384 10
-3.9663 -5.58291 4.37389 6.84839 10
-3.99248 -5.56422 4.37594 6.84839 10
-6.46845 -2.24934 4.37798 6.84839 10
-4.0945 -5.5947 4.38003 6.93294 10
-6.55894 -2.24633 4.38207 6.93294 10
-4.22274 -5.65762 4.38412 7.05976 10
-6.68959 -2.25602 4.38616 7.05976 10
-4.35251 -5.71862 4.38821 7.18658 10
-4.37933 -5.69811 4.39025 7.18658 10
-6.82047 -2.26454 4.3923 7.18658 10
-4.48481 -5.72327 4.39434 7.27113 10
-6.9114 -2.25874 4.39639 7.27113 10
-4.61753 -5.77997 4.39843 7.39795 10
-7.04266 -2.26508 4.40048 7.39795 10
-4.75171 -5.83468 4.40252 7.52477 10
-7.17414 -2.27024 4.40457 7.52477 10
-4.88732 -5.88736 4.40662 7.6516 10
-4.91492 -5.86434 4.40866 7.6516 10
-7.30581 -2.27421 4.41071 7.6516 10
-5.05217 -5.91434 4.41275 7.77842 10
-7.43768 -2.27699 4.4148 7.77842 10
-5.21854 -5.99415 4.41684 7.94751 10
-7.61021 -2.29077 4.41889 7.94751 10
-5.35878 -6.03973 4.42093 8.07434 10
-5.38709 -6.01449 4.42298 8.07434 10
-7.7425 -2.29099 4.42502 8.07434 10
-5.52886 -6.05729 4.42707 8.20116 10
-7.87495 -2.29 4.42911 8.20116 10
-5.70068 -6.1289 4.43116 8.37026 10
-8.04822 -2.29944 4.4332 8.37026 10
-5.87433 -6.19781 4.43525 8.53936 10
-5.90338 -6.17015 4.43729 8.53936 10
-8.22174 -2.30731 4.43934 8.53936 10
-6.07912 -6.2355 4.44139 8.70845 10
-8.3955 -2.31358 4.44343 8.70845 10
-6.25661 -6.29808 4.44548 8.87755 10
-8.56951 -2.31828 4.44752 8.87755 10
0 0 4.44957 0 -1
-14.6243 5.56683 4.45161 0 -1
0 0 4.45366 0 -1
0 0 4.4557 0 -1
-14.6243 5.56683 4.45775 0 -1
0 0 4.45979 0 -1
-14.6243 5.56683 4.46184 0 -1
0 0 4.46388 0 -1
-14.6243 5.56683 4.46593 0 -1
0 0 4.46797 0 -1
0 0 4.47002 0 -1
-14.6243 5.56683 4.47207 0 -1
0 0 4.47411 0 -1
-14.6243 5.56683 4.47616 0 -1
0 0 4.4782 0 -1
-14.6243 5.56683 4.48025 0 -1
0 0 4.48229 0 -1
-14.6243 5.56683 4.48434 0 -1
0 0 4.48638 0 -1
0 0 4.48843 0 -1
-14.6243 5.56683 4.49047 0 -1
0 0 4.49252 0 -1
-14.6243 5.56683 4.49456 0 -1
0 0 4.49661 0 -1
-14.6243 5.56683 4.49865 0 -1
0 0 4.5007 0 -1
0 0 4.50275 0 -1
-14.6243 5.56683 4.50479 0 -1
0 0 4.50684 0 -1
-14.6243 5.56683 4.50888 0 -1
0 0 4.51093 0 -1
-14.6243 5.56683 4.51297 0 -1
0 0 4.51502 0 -1
0 0 4.51706 0 -1
-14.6243 5.56683 4.51911 0 -1
0 0 4.52115 0 -1
-14.6243 5.56683 4.5232 0 -1
0 0 4.52524 0 -1
-14.6243 5.56683 4.52729 0 -1
0 0 4.52933 0 -1
-14.6243 5.56683 4.53138 0 -1
0 0 4.53342 0 -1
0 0 4.53547 0 -1
-14.6243 5.56683 4.53752 0 -1
0 0 4.53956 0 -1
-14.6243 5.56683 4.54161 0 -1
0 0 4.54365 0 -1
-14.6243 5.56683 4.5457 0 -1
0 0 4.54774 0 -1
0 0 4.54979 0 -1
-14.6243 5.56683 4.55183 0 -1
0 0 4.55388 0 -1
-14.6243 5.56683 4.55592 0 -1
0 0 4.55797 0 -1
-14.6243 5.56683 4.56001 0 -1
0 0 4.56206 0 -1
0 0 4.5641 0 -1
-14.6243 5.56683 4.56615 0 -1
0 0 4.56819 0 -1
-14.6243 5.56683 4.57024 0 -1
0 0 4.57229 0 -1
-14.6243 5.56683 4.57433 0 -1
0 0 4.57638 0 -1
-14.6243 5.56683 4.57842 0 -1
0 0 4.58047 0 -1
0 0 4.58251 0 -1
-14.6243 5.56683 4.58456 0 -1
0 0 4.5866 0 -1
-14.6243 5.56683 4.58865 0 -1
0 0 4.59069 0 -1
-14.6243 5.56683 4.59274 0 -1
0 0 4.59478 0 -1
0 0 4.59683 0 -1
-14.6243 5.56683 4.59887 0 -1
0 0 4.60092 0 -1
-14.6243 5.56683 4.60296 0 -1
0 0 4.60501 0 -1
-14.6243 5.56683 4.60706 0 -1
0 0 4.6091 0 -1
-14.6243 5.56683 4.61115 0 -1
0 0 4.61319 0 -1
0 0 4.61524 0 -1
-14.6243 5.56683 4.61728 0 -1
0 0 4.61933 0 -1
-14.6243 5.56683 4.62137 0 -1
0 0 4.62342 0 -1
-14.6243 5.56683 4.62546 0 -1
0 0 4.62751 0 -1
0 0 4.62955 0 -1
-14.6243 5.56683 4.6316 0 -1
0 0 4.63364 0 -1
-14.6243 5.56683 4.63569 0 -1
0 0 4.63774 0 -1
-14.6243 5.56683 4.63978 0 -1
0 0 4.64183 0 -1
0 0 4.64387 0 -1
-14.6243 5.56683 4.64592 0 -1
0 0 4.64796 0 -1
-14.6243 5.56683 4.65001 0 -1
0 0 4.65205 0 -1
-14.6243 5.56683 4.6541 0 -1
0 0 4.65614 0 -1
-14.6243 5.56683 4.65819 0 -1
0 0 4.66023 0 -1
0 0 4.66228 0 -1
-14.6243 5.56683 4.66432 0 -1
0 0 4.66637 0 -1
-14.6243 5.56683 4.66842 0 -1
0 0 4.67046 0 -1
-14.6243 5.56683 4.67251 0 -1
0 0 4.67455 0 -1
0 0 4.6766 0 -1
-14.6243 5.56683 4.67864 0 -1
0 0 4.68069 0 -1
-14.6243 5.56683 4.68273 0 -1
0 0 4.68478 0 -1
-14.6243 5.56683 4.68682 0 -1
0 0 4.68887 0 -1
-14.6243 5.56683 4.69091 0 -1
0 0 4.69296 0 -1
0 0 4.695 0 -1
-14.6243 5.56683 4.69705 0 -1
0 0 4.69909 0 -1
-14.6243 5.56683 4.70114 0 -1
0 0 4.70319 0 -1
-14.6243 5.56683 4.70523 0 -1
0 0 4.70728 0 -1
0 0 4.70932 0 -1
-14.6243 5.56683 4.71137 0 -1
0 0 4.71341 0 -1
-14.6243 5.56683 4.71546 0 -1
0 0 4.7175 0 -1
-14.6243 5.56683 4.71955 0 -1
0 0 4.72159 0 -1
0 0 4.72364 0 -1
-14.6243 5.56683 4.72568 0 -1
0 0 4.72773 0 -1
-14.6243 5.56683 4.72977 0 -1
0 0 4.73182 0 -1
-14.6243 5.56683 4.73386 0 -1
0 0 4.73591 0 -1
-14.6243 5.56683 4.73796 0 -1
0 0 4.74 0 -1
0 0 4.74205 0 -1
-14.6243 5.56683 4.74409 0 -1
0 0 4.74614 0 -1
-14.6243 5.56683 4.74818 0 -1
0 0 4.75023 0 -1
-14.6243 5.56683 4.75227 0 -1
0 0 4.75432 0 -1
0 0 4.75636 0 -1
-14.6243 5.56683 4.75841 0 -1
0 0 4.76045 0 -1
-14.6243 5.56683 4.7625 0 -1
0 0 4.76454 0 -1
-14.6243 5.56683 4.76659 0 -1
0 0 4.76863 0 -1
0 0 4.77068 0 -1
-14.6243 5.56683 4.77273 0 -1
0 0 4.77477 0 -1
-14.6243 5.56683 4.77682 0 -1
0 0 4.77886 0 -1
-14.6243 5.56683 4.78091 0 -1
0 0 4.78295 0 -1
-14.6243 5.56683 4.785 0 -1
0 0 4.78704 0 -1
0 0 4.78909 0 -1
-14.6243 5.56683 4.79113 0 -1
0 0 4.79318 0 -1
-14.6243 5.56683 4.79522 0 -1
0 0 4.79727 0 -1
-14.6243 5.56683 4.79931 0 -1
0 0 4.80136 0 -1
0 0 4.80341 0 -1
-14.6243 5.56683 4.80545 0 -1
0 0 4.8075 0 -1
-14.6243 5.56683 4.80954 0 -1
0 0 4.81159 0 -1
-14.6243 5.56683 4.81363 0 -1
0 0 4.81568 0 -1
-14.6243 5.56683 4.81772 0 -1
0 0 4.81977 0 -1
0 0 4.82181 0 -1
-14.6243 5.56683 4.82386 0 -1
0 0 4.8259 0 -1
-14.6243 5.56683 4.82795 0 -1
0 0 4.82999 0 -1
-14.6243 5.56683 4.83204 0 -1
0 0 4.83408 0 -1
0 0 4.83613 0 -1
-14.6243 5.56683 4.83818 0 -1
0 0 4.84022 0 -1
-14.6243 5.56683 4.84227 0 -1
0 0 4.84431 0 -1
-14.6243 5.56683 4.84636 0 -1
0 0 4.8484 0 -1
0 0 4.85045 0 -1
-14.6243 5.56683 4.85249 0 -1
0 0 4.85454 0 -1
-14.6243 5.56683 4.85658 0 -1
0 0 4.85863 0 -1
-14.6243 5.56683 4.86067 0 -1
0 0 4.86272 0 -1
-14.6243 5.56683 4.86476 0 -1
0 0 4.86681 0 -1
0 0 4.86885 0 -1
-14.6243 5.56683 4.8709 0 -1
0 0 4.87295 0 -1
-14.6243 5.56683 4.87499 0 -1
0 0 4.87704 0 -1
-14.6243 5.56683 4.87908 0 -1
0 0 4.88113 0 -1
0 0 4.88317 0 -1
-14.6243 5.56683 4.88522 0 -1
0 0 4.88726 0 -1
-14.6243 5.56683 4.88931 0 -1
0 0 4.89135 0 -1
-14.6243 5.56683 4.8934 0 -1
0 0 4.89544 0 -1
0 0 4.89749 0 -1
-14.6243 5.56683 4.89953 0 -1
0 0 4.90158 0 -1
-14.6243 5.56683 4.90363 0 -1
0 0 4.90567 0 -1
-14.6243 5.56683 4.90772 0 -1
0 0 4.90976 0 -1
-14.6243 5.56683 4.91181 0 -1
0 0 4.91385 0 -1
0 0 4.9159 0 -1
-14.6243 5.56683 4.91794 0 -1
0 0 4.91999 0 -1
-14.6243 5.56683 4.92203 0 -1
0 0 4.92408 0 -1
-14.6243 5.56683 4.92612 0 -1
0 0 4.92817 0 -1
0 0 4.93021 0 -1
-14.6243 5.56683 4.93226 0 -1
0 0 4.9343 0 -1
-14.6243 5.56683 4.93635 0 -1
0 0 4.9384 0 -1
-14.6243 5.56683 4.94044 0 -1
0 0 4.94249 0 -1
-14.6243 5.56683 4.94453 0 -1
0 0 4.94658 0 -1
0 0 4.94862 0 -1
-14.6243 5.56683 4.95067 0 -1
0 0 4.95271 0 -1
-14.6243 5.56683 4.95476 0 -1
0 0 4.9568 0 -1
-14.6243 5.56683 4.95885 0 -1
0 0 4.96089 0 -1
0 0 4.96294 0 -1
-14.6243 5.56683 4.96498 0 -1
0 0 4.96703 0 -1
-14.6243 5.56683 4.96908 0 -1
0 0 4.97112 0 -1
-14.6243 5.56683 4.97317 0 -1
0 0 4.97521 0 -1
0 0 4.97726 0 -1
-14.6243 5.56683 4.9793 0 -1
0 0 4.98135 0 -1
-14.6243 5.56683 4.98339 0 -1
0 0 4.98544 0 -1
-14.6243 5.56683 4.98748 0 -1
0 0 4.98953 0 -1
-14.6243 5.56683 4.99157 0 -1
0 0 4.99362 0 -1
0 0 4.99566 0 -1
-14.6243 5.56683 4.99771 0 -1
0 0 4.99975 0 -1
-14.6243 5.56683 5.0018 0 -1
0 0 5.00385 0 -1
-14.6243 5.56683 5.00589 0 -1
0 0 5.00794 0 -1
0 0 5.00998 0 -1
-14.6243 5.56683 5.01203 0 -1
0 0 5.01407 0 -1
-14.6243 5.56683 5.01612 0 -1
0 0 5.01816 0 -1
-14.6243 5.56683 5.02021 0 -1
0 0 5.02225 0 -1
-14.6243 5.56683 5.0243 0 -1
0 0 5.02634 0 -1
0 0 5.02839 0 -1
-14.6243 5.56683 5.03043 0 -1
0 0 5.03248 0 -1
-14.6243 5.56683 5.03452 0 -1
0 0 5.03657 0 -1
-14.6243 5.56683 5.03862 0 -1
0 0 5.04066 0 -1
0 0 5.04271 0 -1
-14.6243 5.56683 5.04475 0 -1
0 0 5.0468 0 -1
-14.6243 5.56683 5.04884 0 -1
0 0 5.05089 0 -1
-14.6243 5.56683 5.05293 0 -1
0 0 5.05498 0 -1
0 0 5.05702 0 -1
-14.6243 5.56683 5.05907 0 -1
0 0 5.06111 0 -1
-14.6243 5.56683 5.06316 0 -1
0 0 5.0652 0 -1
-14.6243 5.56683 5.06725 0 -1
0 0 5.0693 0 -1
-14.6243 5.56683 5.07134 0 -1
0 0 5.07339 0 -1
0 0 5.07543 0 -1
-14.6243 5.56683 5.07748 0 -1
0 0 5.07952 0 -1
-14.6243 5.56683 5.08157 0 -1
0 0 5.08361 0 -1
-14.6243 5.56683 5.08566 0 -1
0 0 5.0877 0 -1
0 0 5.08975 0 -1
-14.6243 5.56683 5.09179 0 -1
0 0 5.09384 0 -1
-14.6243 5.56683 5.09588 0 -1
0 0 5.09793 0 -1
-14.6243 5.56683 5.09997 0 -1
0 0 5.10202 0 -1
0 0 5.10407 0 -1
-14.6243 5.56683 5.10611 0 -1
0 0 5.10816 0 -1
-14.6243 5.56683 5.1102 0 -1
0 0 5.11225 0 -1
-14.6243 5.56683 5.11429 0 -1
0 0 5.11634 0 -1
-14.6243 5.56683 5.11838 0 -1
0 0 5.12043 0 -1
0 0 5.12247 0 -1
-14.6243 5.56683 5.12452 0 -1
0 0 5.12656 0 -1
-14.6243 5.56683 5.12861 0 -1
0 0 5.13065 0 -1
-14.6243 5.56683 5.1327 0 -1
0 0 5.13475 0 -1
0 0 5.13679 0 -1
-14.6243 5.56683 5.13884 0 -1
0 0 5.14088 0 -1
-14.6243 5.56683 5.14293 0 -1
0 0 5.14497 0 -1
-14.6243 5.56683 5.14702 0 -1
0 0 5.14906 0 -1
-14.6243 5.56683 5.15111 0 -1
0 0 5.15315 0 -1
0 0 5.1552 0 -1
-14.6243 5.56683 5.15724 0 -1
0 0 5.15929 0 -1
-14.6243 5.56683 5.16133 0 -1
0 0 5.16338 0 -1
-14.6243 5.56683 5.16542 0 -1
0 0 5.16747 0 -1
0 0 5.16952 0 -1
-14.6243 5.56683 5.17156 0 -1
0 0 5.17361 0 -1
-14.6243 5.56683 5.17565 0 -1
0 0 5.1777 0 -1
-14.6243 5.56683 5.17974 0 -1
0 0 5.18179 0 -1
0 0 5.18383 0 -1
-14.6243 5.56683 5.18588 0 -1
0 0 5.18792 0 -1
-14.6243 5.56683 5.18997 0 -1
0 0 5.19201 0 -1
-14.6243 5.56683 5.19406 0 -1
0 0 5.1961 0 -1
-14.6243 5.56683 5.19815 0 -1
0 0 5.20019 0 -1
0 0 5.20224 0 -1
-14.6243 5.56683 5.20429 0 -1
0 0 5.20633 0 -1
-14.6243 5.56683 5.20838 0 -1
0 0 5.21042 0 -1
-14.6243 5.56683 5.21247 0 -1
0 0 5.21451 0 -1
0 0 5.21656 0 -1
-14.6243 5.56683 5.2186 0 -1
0 0 5.22065 0 -1
-14.6243 5.56683 5.22269 0 -1
0 0 5.22474 0 -1
-14.6243 5.56683 5.22678 0 -1
0 0 5.22883 0 -1
0 0 5.23087 0 -1
-14.6243 5.56683 5.23292 0 -1
0 0 5.23497 0 -1
-14.6243 5.56683 5.23701 0 -1
0 0 5.23906 0 -1
-14.6243 5.56683 5.2411 0 -1
0 0 5.24315 0 -1
-14.6243 5.56683 5.24519 0 -1
0 0 5.24724 0 -1
0 0 5.24928 0 -1
-14.6243 5.56683 5.25133 0 -1
0 0 5.25337 0 -1
-14.6243 5.56683 5.25542 0 -1
0 0 5.25746 0 -1
-14.6243 5.56683 5.25951 0 -1
0 0 5.26155 0 -1
0 0 5.2636 0 -1
-14.6243 5.56683 5.26564 0 -1
0 0 5.26769 0 -1
-14.6243 5.56683 5.26974 0 -1
0 0 5.27178 0 -1
-14.6243 5.56683 5.27383 0 -1
0 0 5.27587 0 -1
-14.6243 5.56683 5.27792 0 -1
0 0 5.27996 0 -1
0 0 5.28201 0 -1
-14.6243 5.56683 5.28405 0 -1
0 0 5.2861 0 -1
-14.6243 5.56683 5.28814 0 -1
0 0 5.29019 0 -1
-14.6243 5.56683 5.29223 0 -1
0 0 5.29428 0 -1
0 0 5.29632 0 -1
-14.6243 5.56683 5.29837 0 -1
0 0 5.30042 0 -1
-14.6243 5.56683 5.30246 0 -1
0 0 5.30451 0 -1
-14.6243 5.56683 5.30655 0 -1
0 0 5.3086 0 -1
0 0 5.31064 0 -1
-14.6243 5.56683 5.31269 0 -1
0 0 5.31473 0 -1
-14.6243 5.56683 5.31678 0 -1
0 0 5.31882 0 -1
-14.6243 5.56683 5.32087 0 -1
0 0 5.32291 0 -1
-14.6243 5.56683 5.32496 0 -1
0 0 5.327 0 -1
0 0 5.32905 0 -1
-14.6243 5.56683 5.33109 0 -1
0 0 5.33314 0 -1
-14.6243 5.56683 5.33519 0 -1
0 0 5.33723 0 -1
-14.6243 5.56683 5.33928 0 -1
0 0 5.34132 0 -1
0 0 5.34337 0 -1
-14.6243 5.56683 5.34541 0 -1
0 0 5.34746 0 -1
-14.6243 5.56683 5.3495 0 -1
0 0 5.35155 0 -1
-14.6243 5.56683 5.35359 0 -1
0 0 5.35564 0 -1
0 0 5.35768 0 -1
-14.6243 5.56683 5.35973 0 -1
0 0 5.36177 0 -1
-14.6243 5.56683 5.36382 0 -1
0 0 5.36586 0 -1
-14.6243 5.56683 5.36791 0 -1
0 0 5.36996 0 -1
-14.6243 5.56683 5.372 0 -1
0 0 5.37405 0 -1
0 0 5.37609 0 -1
-14.6243 5.56683 5.37814 0 -1
0 0 5.38018 0 -1
-14.6243 5.56683 5.38223 0 -1
0 0 5.38427 0 -1
-14.6243 5.56683 5.38632 0 -1
0 0 5.38836 0 -1
0 0 5.39041 0 -1
-14.6243 5.56683 5.39245 0 -1
0 0 5.3945 0 -1
-14.6243 5.56683 5.39654 0 -1
0 0 5.39859 0 -1
-14.6243 5.56683 5.40064 0 -1
0 0 5.40268 0 -1
-14.6243 5.56683 5.40473 0 -1
0 0 5.40677 0 -1
0 0 5.40882 0 -1
-14.6243 5.56683 5.41086 0 -1
0 0 5.41291 0 -1
-14.6243 5.56683 5.41495 0 -1
0 0 5.417 0 -1
-14.6243 5.56683 5.41904 0 -1
0 0 5.42109 0 -1
0 0 5.42313 0 -1
-14.6243 5.56683 5.42518 0 -1
0 0 5.42722 0 -1
-14.6243 5.56683 5.42927 0 -1
0 0 5.43131 0 -1
-14.6243 5.56683 5.43336 0 -1
0 0 5.43541 0 -1
0 0 5.43745 0 -1
-14.6243 5.56683 5.4395 0 -1
0 0 5.44154 0 -1
-14.6243 5.56683 5.44359 0 -1
0 0 5.44563 0 -1
-14.6243 5.56683 5.44768 0 -1
0 0 5.44972 0 -1
-14.6243 5.56683 5.45177 0 -1
0 0 5.45381 0 -1
0 0 5.45586 0 -1
-14.6243 5.56683 5.4579 0 -1
0 0 5.45995 0 -1
-14.6243 5.56683 5.46199 0 -1
0 0 5.46404 0 -1
-14.6243 5.56683 5.46608 0 -1
0 0 5.46813 0 -1
0 0 5.47018 0 -1
-14.6243 5.56683 5.47222 0 -1
0 0 5.47427 0 -1
-14.6243 5.56683 5.47631 0 -1
0 0 5.47836 0 -1
-14.6243 5.56683 5.4804 0 -1
0 0 5.48245 0 -1
-14.6243 5.56683 5.48449 0 -1
0 0 5.48654 0 -1
0 0 5.48858 0 -1
-14.6243 5.56683 5.49063 0 -1
0 0 5.49267 0 -1
-14.6243 5.56683 5.49472 0 -1
0 0 5.49676 0 -1
-14.6243 5.56683 5.49881 0 -1
0 0 5.50085 0 -1
0 0 5.5029 0 -1
-14.6243 5.56683 5.50495 0 -1
0 0 5.50699 0 -1
-14.6243 5.56683 5.50904 0 -1
0 0 5.51108 0 -1
-14.6243 5.56683 5.51313 0 -1
0 0 5.51517 0 -1
0 0 5.51722 0 -1
-14.6243 5.56683 5.51926 0 -1
0 0 5.52131 0 -1
-14.6243 5.56683 5.52335 0 -1
0 0 5.5254 0 -1
-14.6243 5.56683 5.52744 0 -1
0 0 5.52949 0 -1
-14.6243 5.56683 5.53153 0 -1
0 0 5.53358 0 -1
0 0 5.53563 0 -1
-14.6243 5.56683 5.53767 0 -1
0 0 5.53972 0 -1
-14.6243 5.56683 5.54176 0 -1
0 0 5.54381 0 -1
-14.6243 5.56683 5.54585 0 -1
0 0 5.5479 0 -1
0 0 5.54994 0 -1
-14.6243 5.56683 5.55199 0 -1
0 0 5.55403 0 -1
-14.6243 5.56683 5.55608 0 -1
0 0 5.55812 0 -1
-14.6243 5.56683 5.56017 0 -1
0 0 5.56221 0 -1
0 0 5.56426 0 -1
-14.6243 5.56683 5.56631 0 -1
0 0 5.56835 0 -1
-14.6243 5.56683 5.5704 0 -1
0 0 5.57244 0 -1
-14.6243 5.56683 5.57449 0 -1
0 0 5.57653 0 -1
-14.6243 5.56683 5.57858 0 -1
0 0 5.58062 0 -1
0 0 5.58267 0 -1
-14.6243 5.56683 5.58471 0 -1
0 0 5.58676 0 -1
-14.6243 5.56683 5.5888 0 -1
0 0 5.59085 0 -1
-14.6243 5.56683 5.59289 0 -1
0 0 5.59494 0 -1
0 0 5.59698 0 -1
-14.6243 5.56683 5.59903 0 -1
0 0 5.60108 0 -1
-14.6243 5.56683 5.60312 0 -1
0 0 5.60517 0 -1
-14.6243 5.56683 5.60721 0 -1
0 0 5.60926 0 -1
-14.6243 5.56683 5.6113 0 -1
0 0 5.61335 0 -1
0 0 5.61539 0 -1
-14.6243 5.56683 5.61744 0 -1
0 0 5.61948 0 -1
-14.6243 5.56683 5.62153 0 -1
0 0 5.62357 0 -1
-14.6243 5.56683 5.62562 0 -1
0 0 5.62766 0 -1
0 0 5.62971 0 -1
-14.6243 5.56683 5.63175 0 -1
0 0 5.6338 0 -1
-14.6243 5.56683 5.63585 0 -1
0 0 5.63789 0 -1
-14.6243 5.56683 5.63994 0 -1
0 0 5.64198 0 -1
0 0 5.64403 0 -1
-14.6243 5.56683 5.64607 0 -1
0 0 5.64812 0 -1
-14.6243 5.56683 5.65016 0 -1
0 0 5.65221 0 -1
-14.6243 5.56683 5.65425 0 -1
0 0 5.6563 0 -1
-14.6243 5.56683 5.65834 0 -1
0 0 5.66039 0 -1
0 0 5.66243 0 -1
-14.6243 5.56683 5.66448 0 -1
0 0 5.66652 0 -1
-14.6243 5.56683 5.66857 0 -1
0 0 5.67062 0 -1
-14.6243 5.56683 5.67266 0 -1
0 0 5.67471 0 -1
0 0 5.67675 0 -1
-14.6243 5.56683 5.6788 0 -1
0 0 5.68084 0 -1
-14.6243 5.56683 5.68289 0 -1
0 0 5.68493 0 -1
-14.6243 5.56683 5.68698 0 -1
0 0 5.68902 0 -1
0 0 5.69107 0 -1
-14.6243 5.56683 5.69311 0 -1
0 0 5.69516 0 -1
-14.6243 5.56683 5.6972 0 -1
0 0 5.69925 0 -1
-14.6243 5.56683 5.7013 0 -1
0 0 5.70334 0 -1
-14.6243 5.56683 5.70539 0 -1
0 0 5.70743 0 -1
0 0 5.70948 0 -1
-14.6243 5.56683 5.71152 0 -1
0 0 5.71357 0 -1
-14.6243 5.56683 5.71561 0 -1
0 0 5.71766 0 -1
-14.6243 5.56683 5.7197 0 -1
0 0 5.72175 0 -1
0 0 5.72379 0 -1
-14.6243 5.56683 5.72584 0 -1
0 0 5.72788 0 -1
-14.6243 5.56683 5.72993 0 -1
0 0 5.73198 0 -1
-14.6243 5.56683 5.73402 0 -1
0 0 5.73607 0 -1
-14.6243 5.56683 5.73811 0 -1
0 0 5.74016 0 -1
0 0 5.7422 0 -1
-14.6243 5.56683 5.74425 0 -1
0 0 5.74629 0 -1
-14.6243 5.56683 5.74834 0 -1
0 0 5.75038 0 -1
-14.6243 5.56683 5.75243 0 -1
0 0 5.75447 0 -1
0 0 5.75652 0 -1
-14.6243 5.56683 5.75856 0 -1
0 0 5.76061 0 -1
-14.6243 5.56683 5.76265 0 -1
0 0 5.7647 0 -1
-14.6243 5.56683 5.76675 0 -1
0 0 5.76879 0 -1
0 0 5.77084 0 -1
-14.6243 5.56683 5.77288 0 -1
0 0 5.77493 0 -1
-14.6243 5.56683 5.77697 0 -1
0 0 5.77902 0 -1
-14.6243 5.56683 5.78106 0 -1
0 0 5.78311 0 -1
-14.6243 5.56683 5.78515 0 -1
0 0 5.7872 0 -1
0 0 5.78924 0 -1
-14.6243 5.56683 5.79129 0 -1
0 0 5.79333 0 -1
-14.6243 5.56683 5.79538 0 -1
0 0 5.79742 0 -1
-14.6243 5.56683 5.79947 0 -1
0 0 5.80152 0 -1
0 0 5.80356 0 -1
-14.6243 5.56683 5.80561 0 -1
0 0 5.80765 0 -1
-14.6243 5.56683 5.8097 0 -1
0 0 5.81174 0 -1
-14.6243 5.56683 5.81379 0 -1
0 0 5.81583 0 -1
-14.6243 5.56683 5.81788 0 -1
0 0 5.81992 0 -1
0 0 5.82197 0 -1
-14.6243 5.56683 5.82401 0 -1
0 0 5.82606 0 -1
-14.6243 5.56683 5.8281 0 -1
0 0 5.83015 0 -1
-14.6243 5.56683 5.83219 0 -1
0 0 5.83424 0 -1
0 0 5.83629 0 -1
-14.6243 5.56683 5.83833 0 -1
0 0 5.84038 0 -1
-14.6243 5.56683 5.84242 0 -1
0 0 5.84447 0 -1
-14.6243 5.56683 5.84651 0 -1
0 0 5.84856 0 -1
0 0 5.8506 0 -1
-14.6243 5.56683 5.85265 0 -1
0 0 5.85469 0 -1
-14.6243 5.56683 5.85674 0 -1
0 0 5.85878 0 -1
-14.6243 5.56683 5.86083 0 -1
0 0 5.86287 0 -1
-14.6243 5.56683 5.86492 0 -1
0 0 5.86697 0 -1
0 0 5.86901 0 -1
-14.6243 5.56683 5.87106 0 -1
0 0 5.8731 0 -1
-14.6243 5.56683 5.87515 0 -1
0 0 5.87719 0 -1
-14.6243 5.56683 5.87924 0 -1
0 0 5.88128 0 -1
0 0 5.88333 0 -1
-14.6243 5.56683 5.88537 0 -1
0 0 5.88742 0 -1
-14.6243 5.56683 5.88946 0 -1
0 0 5.89151 0 -1
-14.6243 5.56683 5.89355 0 -1
0 0 5.8956 0 -1
0 0 5.89764 0 -1
-14.6243 5.56683 5.89969 0 -1
0 0 5.90174 0 -1
-14.6243 5.56683 5.90378 0 -1
0 0 5.90583 0 -1
-14.6243 5.56683 5.90787 0 -1
0 0 5.90992 0 -1
-14.6243 5.56683 5.91196 0 -1
0 0 5.91401 0 -1
0 0 5.91605 0 -1
-14.6243 5.56683 5.9181 0 -1
0 0 5.92014 0 -1
-14.6243 5.56683 5.92219 0 -1
0 0 5.92423 0 -1
-14.6243 5.56683 5.92628 0 -1
0 0 5.92832 0 -1
0 0 5.93037 0 -1
-14.6243 5.56683 5.93242 0 -1
0 0 5.93446 0 -1
-14.6243 5.56683 5.93651 0 -1
0 0 5.93855 0 -1
-14.6243 5.56683 5.9406 0 -1
0 0 5.94264 0 -1
-14.6243 5.56683 5.94469 0 -1
0 0 5.94673 0 -1
0 0 5.94878 0 -1
-14.6243 5.56683 5.95082 0 -1
0 0 5.95287 0 -1
-14.6243 5.56683 5.95491 0 -1
0 0 5.95696 0 -1
-14.6243 5.56683 5.959 0 -1
0 0 5.96105 0 -1
0 0 5.96309 0 -1
-14.6243 5.56683 5.96514 0 -1
0 0 5.96719 0 -1
-14.6243 5.56683 5.96923 0 -1
0 0 5.97128 0 -1
-14.6243 5.56683 5.97332 0 -1
0 0 5.97537 0 -1
0 0 5.97741 0 -1
-14.6243 5.56683 5.97946 0 -1
0 0 5.9815 0 -1
-14.6243 5.56683 5.98355 0 -1
0 0 5.98559 0 -1
-14.6243 5.56683 5.98764 0 -1
0 0 5.98968 0 -1
-14.6243 5.56683 5.99173 0 -1
0 0 5.99377 0 -1
0 0 5.99582 0 -1
-14.6243 5.56683 5.99786 0 -1
0 0 5.99991 0 -1
-14.6243 5.56683 6.00196 0 -1
0 0 6.004 0 -1
-14.6243 5.56683 6.00605 0 -1
0 0 6.00809 0 -1
0 0 6.01014 0 -1
-14.6243 5.56683 6.01218 0 -1
0 0 6.01423 0 -1
-14.6243 5.56683 6.01627 0 -1
0 0 6.01832 0 -1
-14.6243 5.56683 6.02036 0 -1
0 0 6.02241 0 -1
0 0 6.02445 0 -1
-14.6243 5.56683 6.0265 0 -1
0 0 6.02854 0 -1
-14.6243 5.56683 6.03059 0 -1
0 0 6.03264 0 -1
-14.6243 5.56683 6.03468 0 -1
0 0 6.03673 0 -1
-14.6243 5.56683 6.03877 0 -1
0 0 6.04082 0 -1
0 0 6.04286 0 -1
-14.6243 5.56683 6.04491 0 -1
0 0 6.04695 0 -1
-14.6243 5.56683 6.049 0 -1
0 0 6.05104 0 -1
-14.6243 5.56683 6.05309 0 -1
0 0 6.05513 0 -1
0 0 6.05718 0 -1
-14.6243 5.56683 6.05922 0 -1
0 0 6.06127 0 -1
-14.6243 5.56683 6.06331 0 -1
0 0 6.06536 0 -1
-14.6243 5.56683 6.06741 0 -1
0 0 6.06945 0 -1
-14.6243 5.56683 6.0715 0 -1
0 0 6.07354 0 -1
0 0 6.07559 0 -1
-14.6243 5.56683 6.07763 0 -1
0 0 6.07968 0 -1
-14.6243 5.56683 6.08172 0 -1
0 0 6.08377 0 -1
-14.6243 5.56683 6.08581 0 -1
0 0 6.08786 0 -1
0 0 6.0899 0 -1
-14.6243 5.56683 6.09195 0 -1
0 0 6.09399 0 -1
-14.6243 5.56683 6.09604 0 -1
0 0 6.09808 0 -1
-14.6243 5.56683 6.10013 0 -1
0 0 6.10218 0 -1
0 0 6.10422 0 -1
-14.6243 5.56683 6.10627 0 -1
0 0 6.10831 0 -1
-14.6243 5.56683 6.11036 0 -1
0 0 6.1124 0 -1
-14.6243 5.56683 6.11445 0 -1
0 0 6.11649 0 -1
-14.6243 5.56683 6.11854 0 -1
0 0 6.12058 0 -1
0 0 6.12263 0 -1
-14.6243 5.56683 6.12467 0 -1
0 0 6.12672 0 -1
-14.6243 5.56683 6.12876 0 -1
0 0 6.13081 0 -1
-14.6243 5.56683 6.13286 0 -1
0 0 6.1349 0 -1
0 0 6.13695 0 -1
-14.6243 5.56683 6.13899 0 -1
0 0 6.14104 0 -1
-14.6243 5.56683 6.14308 0 -1
0 0 6.14513 0 -1
-14.6243 5.56683 6.14717 0 -1
0 0 6.14922 0 -1
-14.6243 5.56683 6.15126 0 -1
0 0 6.15331 0 -1
0 0 6.15535 0 -1
-14.6243 5.56683 6.1574 0 -1
0 0 6.15944 0 -1
-14.6243 5.56683 6.16149 0 -1
0 0 6.16353 0 -1
-14.6243 5.56683 6.16558 0 -1
0 0 6.16763 0 -1
0 0 6.16967 0 -1
-14.6243 5.56683 6.17172 0 -1
0 0 6.17376 0 -1
-14.6243 5.56683 6.17581 0 -1
0 0 6.17785 0 -1
-14.6243 5.56683 6.1799 0 -1
0 0 6.18194 0 -1
0 0 6.18399 0 -1
-14.6243 5.56683 6.18603 0 -1
0 0 6.18808 0 -1
-14.6243 5.56683 6.19012 0 -1
0 0 6.19217 0 -1
-14.6243 5.56683 6.19421 0 -1
0 0 6.19626 0 -1
-14.6243 5.56683 6.19831 0 -1
0 0 6.20035 0 -1
0 0 6.2024 0 -1
-14.6243 5.56683 6.20444 0 -1
0 0 6.20649 0 -1
-14.6243 5.56683 6.20853 0 -1
0 0 6.21058 0 -1
-14.6243 5.56683 6.21262 0 -1
0 0 6.21467 0 -1
0 0 6.21671 0 -1
-14.6243 5.56683 6.21876 0 -1
0 0 6.2208 0 -1
-14.6243 5.56683 6.22285 0 -1
0 0 6.22489 0 -1
-14.6243 5.56683 6.22694 0 -1
0 0 6.22898 0 -1
0 0 6.23103 0 -1
-14.6243 5.56683 6.23308 0 -1
0 0 6.23512 0 -1
-14.6243 5.56683 6.23717 0 -1
0 0 6.23921 0 -1
-14.6243 5.56683 6.24126 0 -1
0 0 6.2433 0 -1
-14.6243 5.56683 6.24535 0 -1
0 0 6.24739 0 -1
0 0 6.24944 0 -1
-14.6243 5.56683 6.25148 0 -1
0 0 6.25353 0 -1
-14.6243 5.56683 6.25557 0 -1
5.84296 -1.37652 6.25762 6.00291 10
-0.131484 6.00147 6.25966 6.00291 10
4.10547 -1.00799 6.26171 4.2274 10
4.10069 -1.02726 6.26375 4.2274 10
-0.0727425 4.22678 6.2658 4.2274 10
3.14996 -0.820619 6.26785 3.2551 10
-0.0407238 3.25484 6.26989 3.2551 10
2.57082 -0.695597 6.27194 2.66326 10
-0.0208092 2.66318 6.27398 2.66326 10
2.15716 -0.605475 6.27603 2.24052 10
-0.0069828 2.24051 6.27807 2.24052 10
-14.6243 5.56683 6.28012 0 -1
-14.6243 5.56683 6.28216 0 -1
