0 8.91983 0.00102265 8.91983 10
0.0299833 6.38331 0.00306796 6.38338 10
0.0299833 6.38331 0.00511327 6.38338 10
0.0720773 5.11465 0.00715858 5.11516 10
0.0961006 5.11425 0.00920388 5.11516 10
0.0480525 5.11493 0.0112492 5.11516 10
0.14414 5.11312 0.0132945 5.11516 10
0.0720773 5.11465 0.0153398 5.11516 10
0.192167 5.11154 0.0173851 5.11516 10
0.0961006 5.11425 0.0194304 5.11516 10
0.138945 2.95592 0.0214757 2.95918 10
0.0694919 2.95837 0.023521 2.95918 10
0.147655 2.61683 0.0255663 2.62099 10
0.159945 2.6161 0.0276117 2.62099 10
0.0738571 2.61995 0.029657 2.62099 10
0.166658 2.36147 0.0317023 2.36735 10
0.0778244 2.36607 0.0337476 2.36735 10
0.168602 2.10697 0.0357929 2.1137 10
0.0794079 2.11221 0.0378382 2.1137 10
0.173317 1.93687 0.0398835 1.94461 10
0.182413 1.93603 0.0419288 1.94461 10
0.0821822 1.94287 0.0439741 1.94461 10
0.183149 1.76604 0.0460194 1.77551 10
0.0833673 1.77355 0.0480647 1.77551 10
0.185465 1.63822 0.05011 1.64869 10
0.0851474 1.64649 0.0521553 1.64869 10
0.190547 1.55249 0.0542007 1.56414 10
0.197837 1.55158 0.056246 1.56414 10
0.0881171 1.56166 0.0582913 1.56414 10
0.195182 1.424 0.0603366 1.43732 10
0.0877118 1.43464 0.0623819 1.43732 10
0.196283 1.33845 0.0644272 1.35277 10
0.0888939 1.34985 0.0664725 1.35277 10
0.202321 1.29478 0.0685178 1.3105 10
0.092257 1.30724 0.0705631 1.3105 10
0.200639 1.20942 0.0726084 1.22595 10
0.206317 1.20846 0.0746537 1.22595 10
0.0920484 1.22249 0.076699 1.22595 10
0.20265 1.12327 0.0787443 1.1414 10
0.0910454 1.13776 0.0807897 1.1414 10
0.205297 1.07978 0.082835 1.09913 10
0.0928187 1.0952 0.0848803 1.09913 10
0.207145 1.03635 0.0869256 1.05685 10
0.212011 1.03537 0.0889709 1.05685 10
0.0941942 1.05265 0.0910162 1.05685 10
0.212859 0.991997 0.0930615 1.01458 10
0.0951717 1.0101 0.0951068 1.01458 10
0.212912 0.948706 0.0971521 0.972303 10
0.0957522 0.967577 0.0991974 0.972303 10
0.21217 0.905504 0.101243 0.930029 10
0.216421 0.904498 0.103288 0.930029 10
0.0959356 0.925068 0.105333 0.930029 10
0.214685 0.861406 0.107379 0.887755 10
0.0957212 0.88258 0.109424 0.887755 10
0.21216 0.81843 0.111469 0.845481 10
0.0951104 0.840115 0.113515 0.845481 10
0.219839 0.8164 0.11556 0.845481 10
0.0990555 0.839659 0.117605 0.845481 10
0.216124 0.773584 0.11965 0.803207 10
0.219755 0.77256 0.121696 0.803207 10
0.0978484 0.797225 0.123741 0.803207 10
0.215055 0.729911 0.125786 0.760933 10
0.0962451 0.754822 0.127832 0.760933 10
0.221903 0.727859 0.129877 0.760933 10
0.0997894 0.754362 0.131922 0.760933 10
0.216023 0.685423 0.133968 0.718659 10
0.219241 0.684401 0.136013 0.718659 10
0.0975912 0.712002 0.138058 0.718659 10
0.22566 0.682311 0.140104 0.718659 10
0.100934 0.711536 0.142149 0.718659 10
0.218409 0.640152 0.144194 0.676385 10
0.0981417 0.669227 0.14624 0.676385 10
0.224414 0.638072 0.148285 0.676385 10
0.101284 0.668759 0.15033 0.676385 10
0.215998 0.596189 0.152375 0.634111 10
0.218796 0.595168 0.154421 0.634111 10
0.0978975 0.626508 0.156466 0.634111 10
0.224377 0.593087 0.158511 0.634111 10
0.100839 0.626042 0.160557 0.634111 10
0.229939 0.590953 0.162602 0.634111 10
0.103779 0.625561 0.164647 0.634111 10
0.219781 0.549515 0.166693 0.591837 10
0.22236 0.548477 0.168738 0.591837 10
0.0996015 0.583396 0.170783 0.591837 10
0.227503 0.546364 0.172828 0.591837 10
0.102341 0.582921 0.174874 0.591837 10
0.232625 0.544203 0.176919 0.591837 10
0.105078 0.582434 0.178964 0.591837 10
0.220747 0.503279 0.18101 0.549563 10
0.223108 0.502237 0.183055 0.549563 10
0.100111 0.540367 0.1851 0.549563 10
0.227817 0.500119 0.187146 0.549563 10
0.102648 0.539891 0.189191 0.549563 10
0.232505 0.497957 0.191236 0.549563 10
0.105183 0.539403 0.193282 0.549563 10
0.218929 0.457616 0.195327 0.507289 10
0.0994298 0.497449 0.197372 0.507289 10
0.223217 0.455539 0.199418 0.507289 10
0.225355 0.454486 0.201463 0.507289 10
0.101765 0.496977 0.203508 0.507289 10
0.229614 0.452348 0.205553 0.507289 10
0.104099 0.496493 0.207599 0.507289 10
0.233854 0.450171 0.209644 0.507289 10
0.106429 0.495999 0.211689 0.507289 10
0.218233 0.410625 0.213735 0.465015 10
0.220159 0.409596 0.21578 0.465015 10
0.099695 0.454202 0.217825 0.465015 10
0.223997 0.407509 0.219871 0.465015 10
0.101827 0.453729 0.221916 0.465015 10
0.227816 0.405387 0.223961 0.465015 10
0.103957 0.453246 0.226007 0.465015 10
0.231614 0.403229 0.228052 0.465015 10
0.106085 0.452752 0.230097 0.465015 10
0.235392 0.401036 0.232142 0.465015 10
0.237273 0.399925 0.234188 0.465015 10
0.108211 0.452249 0.236233 0.465015 10
0.219108 0.361526 0.238278 0.422741 10
0.100303 0.410669 0.240324 0.422741 10
0.222495 0.359452 0.242369 0.422741 10
0.102231 0.410193 0.244414 0.422741 10
0.225862 0.357346 0.24646 0.422741 10
0.227538 0.356281 0.248505 0.422741 10
0.104157 0.409708 0.25055 0.422741 10
0.230875 0.354128 0.252596 0.422741 10
0.10608 0.409215 0.254641 0.422741 10
0.234191 0.351943 0.256686 0.422741 10
0.108001 0.408712 0.258731 0.422741 10
0.237487 0.349728 0.260777 0.422741 10
0.239127 0.348608 0.262822 0.422741 10
0.10992 0.4082 0.264867 0.422741 10
0.218153 0.311712 0.266913 0.380466 10
0.100652 0.366911 0.268958 0.380466 10
0.221071 0.309649 0.271003 0.380466 10
0.102375 0.366435 0.273049 0.380466 10
0.22397 0.307559 0.275094 0.380466 10
0.104095 0.36595 0.277139 0.380466 10
0.22685 0.305441 0.279184 0.380466 10
0.228282 0.304372 0.28123 0.380466 10
0.105813 0.365457 0.283275 0.380466 10
0.231131 0.302214 0.28532 0.380466 10
0.107528 0.364956 0.287366 0.380466 10
0.23396 0.30003 0.289411 0.380466 10
0.109241 0.364447 0.291456 0.380466 10
0.236768 0.297818 0.293502 0.380466 10
0.238164 0.296703 0.295547 0.380466 10
0.110951 0.36393 0.297592 0.380466 10
0.240941 0.294452 0.299638 0.380466 10
0.11266 0.363404 0.301683 0.380466 10
0.216619 0.259712 0.303728 0.338192 10
0.101658 0.322552 0.305773 0.338192 10
0.219049 0.257666 0.307819 0.338192 10
0.220257 0.256634 0.309864 0.338192 10
0.103172 0.322071 0.311909 0.338192 10
0.222658 0.254554 0.313955 0.338192 10
0.104684 0.321583 0.316 0.338192 10
0.22504 0.252451 0.318045 0.338192 10
0.106193 0.321088 0.320091 0.338192 10
0.227401 0.250325 0.322136 0.338192 10
0.1077 0.320585 0.324181 0.338192 10
0.229743 0.248178 0.326227 0.338192 10
0.230906 0.247096 0.328272 0.338192 10
0.109205 0.320076 0.330317 0.338192 10
0.233217 0.244916 0.332363 0.338192 10
0.110707 0.319559 0.334408 0.338192 10
0.235508 0.242714 0.336453 0.338192 10
0.112206 0.319036 0.338498 0.338192 10
0.237777 0.240491 0.340544 0.338192 10
0.238904 0.239372 0.342589 0.338192 10
0.113704 0.318505 0.344634 0.338192 10
0.241143 0.237117 0.34668 0.338192 10
0.115199 0.317968 0.348725 0.338192 10
0.21294 0.205486 0.35077 0.295918 10
0.102105 0.277745 0.352816 0.295918 10
0.21486 0.203477 0.354861 0.295918 10
0.103408 0.277262 0.356906 0.295918 10
0.216763 0.201449 0.358952 0.295918 10
0.217706 0.200429 0.360997 0.295918 10
0.104709 0.276774 0.363042 0.295918 10
0.219579 0.198375 0.365087 0.295918 10
0.106008 0.276279 0.367133 0.295918 10
0.221434 0.196303 0.369178 0.295918 10
0.107305 0.275778 0.371223 0.295918 10
0.223268 0.194214 0.373269 0.295918 10
0.224177 0.193164 0.375314 0.295918 10
0.108599 0.275271 0.377359 0.295918 10
0.225982 0.191049 0.379405 0.295918 10
0.109891 0.274758 0.38145 0.295918 10
0.227767 0.188918 0.383495 0.295918 10
0.11118 0.274239 0.385541 0.295918 10
0.229532 0.18677 0.387586 0.295918 10
0.230407 0.18569 0.389631 0.295918 10
0.112467 0.273713 0.391676 0.295918 10
0.232141 0.183517 0.393722 0.295918 10
0.113752 0.273182 0.395767 0.295918 10
0.233855 0.181328 0.397812 0.295918 10
0.115033 0.272645 0.399858 0.295918 10
0.235548 0.179123 0.401903 0.295918 10
0.116313 0.272101 0.403948 0.295918 10
0.23722 0.176903 0.405994 0.295918 10
0.238048 0.175786 0.408039 0.295918 10
0.11759 0.271552 0.410084 0.295918 10
0.205448 0.148751 0.412129 0.253644 10
0.101883 0.232283 0.414175 0.253644 10
0.206836 0.146814 0.41622 0.253644 10
0.102973 0.231802 0.418265 0.253644 10
0.208206 0.144865 0.420311 0.253644 10
0.208884 0.143885 0.422356 0.253644 10
0.104061 0.231316 0.424401 0.253644 10
0.210227 0.141917 0.426447 0.253644 10
0.105146 0.230824 0.428492 0.253644 10
0.211551 0.139935 0.430537 0.253644 10
0.106229 0.230328 0.432583 0.253644 10
0.212856 0.137942 0.434628 0.253644 10
0.213501 0.13694 0.436673 0.253644 10
0.10731 0.229826 0.438718 0.253644 10
0.214778 0.134929 0.440764 0.253644 10
0.108388 0.22932 0.442809 0.253644 10
0.216037 0.132905 0.444854 0.253644 10
0.109464 0.228808 0.4469 0.253644 10
0.217275 0.13087 0.448945 0.253644 10
0.110538 0.228292 0.45099 0.253644 10
0.218495 0.128823 0.453036 0.253644 10
0.219098 0.127795 0.455081 0.253644 10
0.111609 0.22777 0.457126 0.253644 10
0.220289 0.125731 0.459172 0.253644 10
0.112678 0.227243 0.461217 0.253644 10
0.22146 0.123656 0.463262 0.253644 10
0.113744 0.226711 0.465308 0.253644 10
0.222612 0.12157 0.467353 0.253644 10
0.223181 0.120523 0.469398 0.253644 10
0.114807 0.226174 0.471443 0.253644 10
0.224303 0.118422 0.473489 0.253644 10
0.115868 0.225633 0.475534 0.253644 10
0.225406 0.116309 0.477579 0.253644 10
0.116927 0.225086 0.479625 0.253644 10
0.226488 0.114186 0.48167 0.253644 10
0.117983 0.224534 0.483715 0.253644 10
0.227551 0.112054 0.485761 0.253644 10
0.228075 0.110984 0.487806 0.253644 10
0.119036 0.223978 0.489851 0.253644 10
0.229107 0.108836 0.491897 0.253644 10
0.120087 0.223416 0.493942 0.253644 10
0.23012 0.106679 0.495987 0.253644 10
0.121135 0.222849 0.498032 0.253644 10
0.231112 0.104513 0.500078 0.253644 10
0.2316 0.103426 0.502123 0.253644 10
0.12218 0.222278 0.504168 0.253644 10
0.193801 0.0843716 0.506214 0.21137 10
0.102686 0.184752 0.508259 0.21137 10
0.194585 0.0825472 0.510304 0.21137 10
0.103553 0.184267 0.51235 0.21137 10
0.195352 0.0807157 0.514395 0.21137 10
0.195729 0.079797 0.51644 0.21137 10
0.104417 0.183779 0.518485 0.21137 10
0.19647 0.077955 0.520531 0.21137 10
0.105279 0.183286 0.522576 0.21137 10
0.197194 0.0761056 0.524621 0.21137 10
0.106139 0.18279 0.526667 0.21137 10
0.1979 0.07425 0.528712 0.21137 10
0.106996 0.182289 0.530757 0.21137 10
0.198588 0.0723875 0.532803 0.21137 10
0.198926 0.071454 0.534848 0.21137 10
0.107852 0.181784 0.536893 0.21137 10
0.199589 0.069582 0.538939 0.21137 10
0.108704 0.181276 0.540984 0.21137 10
0.200234 0.0677042 0.543029 0.21137 10
0.109554 0.180763 0.545075 0.21137 10
0.200861 0.0658197 0.54712 0.21137 10
0.201168 0.0648758 0.549165 0.21137 10
0.110402 0.180247 0.55121 0.21137 10
0.201768 0.062983 0.553256 0.21137 10
0.111248 0.179726 0.555301 0.21137 10
0.202351 0.061085 0.557346 0.21137 10
0.11209 0.179202 0.559392 0.21137 10
0.202916 0.0591812 0.561437 0.21137 10
0.112931 0.178673 0.563482 0.21137 10
0.203463 0.0572727 0.565528 0.21137 10
0.20373 0.0563164 0.567573 0.21137 10
0.113769 0.178141 0.569618 0.21137 10
0.20425 0.0543997 0.571663 0.21137 10
0.114604 0.177604 0.573709 0.21137 10
0.204752 0.0524788 0.575754 0.21137 10
0.115438 0.177064 0.577799 0.21137 10
0.205236 0.0505528 0.579845 0.21137 10
0.205471 0.0495884 0.58189 0.21137 10
0.116268 0.17652 0.583935 0.21137 10
0.205928 0.0476561 0.585981 0.21137 10
0.117095 0.175972 0.588026 0.21137 10
0.206367 0.0457194 0.590071 0.21137 10
0.117921 0.17542 0.592117 0.21137 10
0.206787 0.0437784 0.594162 0.21137 10
0.20699 0.0428071 0.596207 0.21137 10
0.118744 0.174864 0.598253 0.21137 10
0.207383 0.0408604 0.600298 0.21137 10
0.119564 0.174304 0.602343 0.21137 10
0.207758 0.0389106 0.604388 0.21137 10
0.120381 0.173741 0.606434 0.21137 10
0.208114 0.036957 0.608479 0.21137 10
0.121196 0.173173 0.610524 0.21137 10
0.208452 0.0350003 0.61257 0.21137 10
0.208614 0.0340209 0.614615 0.21137 10
0.122008 0.172602 0.61666 0.21137 10
0.208925 0.0320597 0.618706 0.21137 10
0.122817 0.172027 0.620751 0.21137 10
0.209217 0.0300956 0.622796 0.21137 10
0.123624 0.171448 0.624842 0.21137 10
0.209491 0.0281289 0.626887 0.21137 10
0.20962 0.0271447 0.628932 0.21137 10
0.124428 0.170866 0.630977 0.21137 10
0.209866 0.0251741 0.633023 0.21137 10
0.125229 0.17028 0.635068 0.21137 10
0.210093 0.0232015 0.637113 0.21137 10
0.126028 0.169689 0.639159 0.21137 10
0.210302 0.0212266 0.641204 0.21137 10
0.210399 0.0202389 0.643249 0.21137 10
0.126823 0.169096 0.645295 0.21137 10
0.21058 0.0182614 0.64734 0.21137 10
0.127616 0.168498 0.649385 0.21137 10
0.168594 0.0130258 0.65143 0.169096 10
0.102725 0.134317 0.653476 0.169096 10
0.168709 0.0114415 0.655521 0.169096 10
0.103354 0.133833 0.657566 0.169096 10
0.168809 0.00985599 0.659612 0.169096 10
0.168853 0.00906324 0.661657 0.169096 10
0.103982 0.133347 0.663702 0.169096 10
0.168931 0.00747657 0.665748 0.169096 10
0.104607 0.132857 0.667793 0.169096 10
0.168993 0.00588918 0.669838 0.169096 10
0.10523 0.132364 0.671884 0.169096 10
0.169041 0.00430131 0.673929 0.169096 10
0.16906 0.00350738 0.675974 0.169096 10
0.105851 0.131868 0.67802 0.169096 10
0.169085 0.00191903 0.680065 0.169096 10
0.106469 0.13137 0.68211 0.169096 10
0.169096 0.000330687 0.684155 0.169096 10
0.107085 0.130868 0.686201 0.169096 10
0.169091 -0.00125813 0.688246 0.169096 10
0.107698 0.130363 0.690291 0.169096 10
0.169072 -0.00284624 0.692337 0.169096 10
0.169057 -0.00364065 0.694382 0.169096 10
0.10831 0.129856 0.696427 0.169096 10
0.169015 -0.00522876 0.698473 0.169096 10
0.108918 0.129346 0.700518 0.169096 10
0.168959 -0.00681591 0.702563 0.169096 10
0.109524 0.128833 0.704609 0.169096 10
0.168887 -0.00840306 0.706654 0.169096 10
0.168846 -0.00919604 0.708699 0.169096 10
0.110129 0.128317 0.710744 0.169096 10
0.168752 -0.010782 0.71279 0.169096 10
0.11073 0.127798 0.714835 0.169096 10
0.168643 -0.0123668 0.71688 0.169096 10
0.111329 0.127277 0.718926 0.169096 10
0.16852 -0.0139503 0.720971 0.169096 10
0.168452 -0.0147419 0.723016 0.169096 10
0.111926 0.126753 0.725062 0.169096 10
0.168307 -0.0163238 0.727107 0.169096 10
0.11252 0.126226 0.729152 0.169096 10
0.168146 -0.0179038 0.731198 0.169096 10
0.113111 0.125695 0.733243 0.169096 10
0.16797 -0.0194829 0.735288 0.169096 10
0.113701 0.125163 0.737333 0.169096 10
0.16778 -0.0210598 0.739379 0.169096 10
0.167679 -0.0218477 0.741424 0.169096 10
0.114287 0.124627 0.743469 0.169096 10
0.167466 -0.023422 0.745515 0.169096 10
0.114872 0.124089 0.74756 0.169096 10
0.167239 -0.0249941 0.749605 0.169096 10
0.115453 0.123548 0.751651 0.169096 10
0.166996 -0.0265641 0.753696 0.169096 10
0.16687 -0.0273483 0.755741 0.169096 10
0.116032 0.123004 0.757787 0.169096 10
0.166605 -0.0289145 0.759832 0.169096 10
0.116608 0.122458 0.761877 0.169096 10
0.166327 -0.0304785 0.763922 0.169096 10
0.117182 0.121909 0.765968 0.169096 10
0.166033 -0.0320394 0.768013 0.169096 10
0.165881 -0.032819 0.770058 0.169096 10
0.117754 0.121357 0.772104 0.169096 10
0.165565 -0.0343761 0.774149 0.169096 10
0.118323 0.120803 0.776194 0.169096 10
0.165235 -0.0359299 0.77824 0.169096 10
0.118889 0.120246 0.780285 0.169096 10
0.16489 -0.0374804 0.78233 0.169096 10
0.119452 0.119686 0.784375 0.169096 10
0.164531 -0.0390277 0.786421 0.169096 10
0.164346 -0.0397999 0.788466 0.169096 10
0.120013 0.119123 0.790511 0.169096 10
0.163965 -0.0413423 0.792557 0.169096 10
0.120571 0.118559 0.794602 0.169096 10
0.163569 -0.0428805 0.796647 0.169096 10
0.121127 0.117991 0.798693 0.169096 10
0.163159 -0.0444155 0.800738 0.169096 10
0.162948 -0.0451813 0.802783 0.169096 10
0.12168 0.117421 0.804829 0.169096 10
0.162517 -0.04671 0.806874 0.169096 10
0.12223 0.116848 0.808919 0.169096 10
0.162071 -0.0482347 0.810965 0.169096 10
0.122777 0.116272 0.81301 0.169096 10
0.161611 -0.0497549 0.815055 0.169096 10
0.123322 0.115694 0.8171 0.169096 10
0.161136 -0.051271 0.819146 0.169096 10
0.160893 -0.0520275 0.821191 0.169096 10
0.123864 0.115114 0.823236 0.169096 10
0.160398 -0.0535364 0.825282 0.169096 10
0.124403 0.114531 0.827327 0.169096 10
0.159887 -0.0550411 0.829372 0.169096 10
0.12494 0.113945 0.831418 0.169096 10
0.159363 -0.0565405 0.833463 0.169096 10
0.159096 -0.0572884 0.835508 0.169096 10
0.125474 0.113357 0.837554 0.169096 10
0.158551 -0.0587807 0.839599 0.169096 10
0.126005 0.112766 0.841644 0.169096 10
0.157991 -0.0602674 0.843689 0.169096 10
0.126533 0.112173 0.845735 0.169096 10
0.157418 -0.061749 0.84778 0.169096 10
0.157127 -0.0624878 0.849825 0.169096 10
0.127059 0.111578 0.851871 0.169096 10
0.156533 -0.0639613 0.853916 0.169096 10
0.127581 0.11098 0.855961 0.169096 10
0.155925 -0.0654285 0.858007 0.169096 10
0.128101 0.110379 0.860052 0.169096 10
0.155303 -0.0668907 0.862097 0.169096 10
0.128618 0.109776 0.864143 0.169096 10
0.154668 -0.0683465 0.866188 0.169096 10
0.154346 -0.0690722 0.868233 0.169096 10
0.129133 0.109171 0.870278 0.169096 10
0.15369 -0.0705192 0.872324 0.169096 10
0.129644 0.108563 0.874369 0.169096 10
0.15302 -0.0719595 0.876414 0.169096 10
0.130152 0.107953 0.87846 0.169096 10
0.152338 -0.0733943 0.880505 0.169096 10
0.151991 -0.0741088 0.88255 0.169096 10
0.130658 0.107341 0.884596 0.169096 10
0.151289 -0.0755334 0.886641 0.169096 10
0.131161 0.106726 0.888686 0.169096 10
0.150572 -0.0769513 0.890732 0.169096 10
0.131661 0.106108 0.892777 0.169096 10
0.149843 -0.0783625 0.894822 0.169096 10
0.132158 0.105489 0.896867 0.169096 10
0.1491 -0.0797665 0.898913 0.169096 10
0.148723 -0.080466 0.900958 0.169096 10
0.132652 0.104867 0.903003 0.169096 10
0.147961 -0.0818596 0.905049 0.169096 10
0.133143 0.104243 0.907094 0.169096 10
0.147186 -0.083246 0.909139 0.169096 10
0.133631 0.103616 0.911185 0.169096 10
0.146397 -0.084625 0.91323 0.169096 10
0.145998 -0.0853119 0.915275 0.169096 10
0.134116 0.102988 0.91732 0.169096 10
0.14519 -0.0866795 0.919366 0.169096 10
0.134599 0.102356 0.921411 0.169096 10
0.144369 -0.0880396 0.923456 0.169096 10
0.135078 0.101723 0.925502 0.169096 10
0.143536 -0.0893922 0.927547 0.169096 10
0.143115 -0.0900652 0.929592 0.169096 10
0.135554 0.101087 0.931638 0.169096 10
0.142262 -0.0914054 0.933683 0.169096 10
0.136028 0.10045 0.935728 0.169096 10
0.141397 -0.0927382 0.937774 0.169096 10
0.136498 0.0998096 0.939819 0.169096 10
0.14052 -0.0940623 0.941864 0.169096 10
0.136965 0.0991671 0.94391 0.169096 10
0.13963 -0.0953782 0.945955 0.169096 10
0.13918 -0.0960329 0.948 0.169096 10
0.137429 0.0985227 0.950045 0.169096 10
0.103704 -0.0730019 0.952091 0.126822 10
0.103418 0.0734072 0.954136 0.126822 10
0.103014 -0.0739732 0.956181 0.126822 10
0.103762 0.0729206 0.958227 0.126822 10
0.102314 -0.0749376 0.960272 0.126822 10
0.101961 -0.0754173 0.962317 0.126822 10
0.104103 0.0724323 0.964363 0.126822 10
0.101248 -0.0763717 0.966408 0.126822 10
0.104442 0.0719426 0.968453 0.126822 10
0.100526 -0.0773196 0.970499 0.126822 10
0.104779 0.0714509 0.972544 0.126822 10
0.0997956 -0.0782604 0.974589 0.126822 10
0.0994265 -0.0787284 0.976634 0.126822 10
0.105114 0.0709584 0.97868 0.126822 10
0.0986829 -0.079659 0.980725 0.126822 10
0.105445 0.0704637 0.98277 0.126822 10
0.09793 -0.0805824 0.984816 0.126822 10
0.105775 0.0699677 0.986861 0.126822 10
0.0971687 -0.0814989 0.988906 0.126822 10
0.106102 0.0694702 0.990952 0.126822 10
0.0963988 -0.0824082 0.992997 0.126822 10
0.0960107 -0.08286 0.995042 0.126822 10
0.106428 0.0689709 0.997088 0.126822 10
0.0952282 -0.0837581 0.999133 0.126822 10
0.106751 0.06847 1.00118 0.126822 10
0.0944369 -0.0846491 1.00322 0.126822 10
0.107071 0.0679681 1.00527 0.126822 10
0.0936375 -0.0855324 1.00731 0.126822 10
0.0932345 -0.0859714 1.00936 0.126822 10
0.107389 0.0674644 1.0114 0.126822 10
0.0924232 -0.0868437 1.01345 0.126822 10
0.107705 0.0669594 1.0155 0.126822 10
0.091603 -0.0877078 1.01754 0.126822 10
0.108018 0.0664525 1.01959 0.126822 10
0.0907753 -0.0885644 1.02163 0.126822 10
0.108329 0.0659444 1.02368 0.126822 10
0.0899391 -0.0894134 1.02572 0.126822 10
0.0895181 -0.0898349 1.02777 0.126822 10
0.108638 0.0654349 1.02981 0.126822 10
0.0886703 -0.090672 1.03186 0.126822 10
0.108944 0.064924 1.0339 0.126822 10
0.0878146 -0.0915008 1.03595 0.126822 10
0.109248 0.0644116 1.03799 0.126822 10
0.086951 -0.0923216 1.04004 0.126822 10
0.0865166 -0.0927293 1.04208 0.126822 10
0.109549 0.0638976 1.04413 0.126822 10
0.0856416 -0.0935378 1.04617 0.126822 10
0.109848 0.0633824 1.04822 0.126822 10
0.0847592 -0.0943384 1.05027 0.126822 10
0.110144 0.0628657 1.05231 0.126822 10
0.0838692 -0.0951302 1.05436 0.126822 10
0.0834212 -0.0955231 1.0564 0.126822 10
0.110438 0.0623477 1.05845 0.126822 10
0.0825202 -0.0963027 1.06049 0.126822 10
0.11073 0.0618284 1.06254 0.126822 10
0.0816121 -0.0970738 1.06458 0.126822 10
0.111019 0.0613074 1.06663 0.126822 10
0.0806966 -0.097836 1.06867 0.126822 10
0.111306 0.0607851 1.07072 0.126822 10
0.0797739 -0.0985897 1.07276 0.126822 10
0.0793099 -0.0989633 1.07481 0.126822 10
0.11159 0.0602617 1.07685 0.126822 10
0.0783768 -0.099704 1.0789 0.126822 10
0.111872 0.0597372 1.08095 0.126822 10
0.0774367 -0.100436 1.08299 0.126822 10
0.112151 0.0592108 1.08504 0.126822 10
0.0764897 -0.101159 1.08708 0.126822 10
0.0760138 -0.101517 1.08913 0.126822 10
0.112428 0.0586834 1.09117 0.126822 10
0.0750566 -0.102226 1.09322 0.126822 10
0.112703 0.0581546 1.09526 0.126822 10
0.0740931 -0.102927 1.09731 0.126822 10
0.112975 0.0576246 1.09935 0.126822 10
0.0731227 -0.103619 1.1014 0.126822 10
0.0726354 -0.103961 1.10344 0.126822 10
0.113244 0.0570931 1.10549 0.126822 10
0.0716555 -0.104639 1.10753 0.126822 10
0.113511 0.0565605 1.10958 0.126822 10
0.0706694 -0.105307 1.11162 0.126822 10
0.113775 0.0560272 1.11367 0.126822 10
0.0696771 -0.105966 1.11572 0.126822 10
0.114037 0.0554919 1.11776 0.126822 10
0.0686784 -0.106616 1.11981 0.126822 10
0.0681767 -0.106938 1.12185 0.126822 10
0.114297 0.0549557 1.1239 0.126822 10
0.0671694 -0.107574 1.12594 0.126822 10
0.114554 0.0544181 1.12799 0.126822 10
0.0661557 -0.1082 1.13003 0.126822 10
0.114808 0.0538795 1.13208 0.126822 10
0.0651364 -0.108817 1.13412 0.126822 10
0.0646243 -0.109122 1.13617 0.126822 10
0.11506 0.0533395 1.13821 0.126822 10
0.0635967 -0.109724 1.14026 0.126822 10
0.115309 0.0527987 1.1423 0.126822 10
0.0625632 -0.110316 1.14435 0.126822 10
0.115556 0.0522566 1.14639 0.126822 10
0.0615239 -0.110899 1.14844 0.126822 10
0.1158 0.0517132 1.15049 0.126822 10
0.0604792 -0.111472 1.15253 0.126822 10
0.0599554 -0.111755 1.15458 0.126822 10
0.116042 0.0511687 1.15662 0.126822 10
0.0589027 -0.112314 1.15867 0.126822 10
0.116281 0.0506229 1.16071 0.126822 10
0.0578449 -0.112862 1.16276 0.126822 10
0.116517 0.0500762 1.1648 0.126822 10
0.0567822 -0.1134 1.16685 0.126822 10
0.0562491 -0.113666 1.16889 0.126822 10
0.116751 0.0495284 1.17094 0.126822 10
0.0551786 -0.114189 1.17298 0.126822 10
0.116982 0.0489795 1.17503 0.126822 10
0.0541034 -0.114702 1.17707 0.126822 10
0.117211 0.0484295 1.17912 0.126822 10
0.0530233 -0.115206 1.18117 0.126822 10
0.0524819 -0.115453 1.18321 0.126822 10
0.117437 0.0478785 1.18526 0.126822 10
0.0513949 -0.115941 1.1873 0.126822 10
0.117661 0.0473261 1.18935 0.126822 10
0.0503035 -0.116419 1.19139 0.126822 10
0.117882 0.046773 1.19344 0.126822 10
0.0492077 -0.116886 1.19548 0.126822 10
0.1181 0.0462186 1.19753 0.126822 10
0.0481074 -0.117343 1.19957 0.126822 10
0.0475557 -0.117568 1.20162 0.126822 10
0.118316 0.0456636 1.20366 0.126822 10
0.0464492 -0.11801 1.20571 0.126822 10
0.118529 0.0451074 1.20775 0.126822 10
0.0453386 -0.118441 1.2098 0.126822 10
0.11874 0.0445502 1.21184 0.126822 10
0.044224 -0.118861 1.21389 0.126822 10
0.0436649 -0.119068 1.21594 0.126822 10
0.118948 0.043992 1.21798 0.126822 10
0.0425446 -0.119473 1.22003 0.126822 10
0.119153 0.0434325 1.22207 0.126822 10
0.0414205 -0.119867 1.22412 0.126822 10
0.119356 0.0428724 1.22616 0.126822 10
0.0402925 -0.120251 1.22821 0.126822 10
0.119556 0.0423114 1.23025 0.126822 10
0.039161 -0.120625 1.2323 0.126822 10
0.038594 -0.120807 1.23434 0.126822 10
0.119753 0.0417495 1.23639 0.126822 10
0.0374577 -0.121164 1.23843 0.126822 10
0.119948 0.0411863 1.24048 0.126822 10
0.0363176 -0.121511 1.24252 0.126822 10
0.12014 0.0406225 1.24457 0.126822 10
0.0351744 -0.121846 1.24662 0.126822 10
0.0346017 -0.12201 1.24866 0.126822 10
0.12033 0.0400577 1.25071 0.126822 10
0.0334539 -0.12233 1.25275 0.126822 10
0.120517 0.0394921 1.2548 0.126822 10
0.0323033 -0.122639 1.25684 0.126822 10
0.120701 0.0389256 1.25889 0.126822 10
0.0311499 -0.122937 1.26093 0.126822 10
0.0305722 -0.123082 1.26298 0.126822 10
0.120882 0.038358 1.26502 0.126822 10
0.0294147 -0.123363 1.26707 0.126822 10
0.121061 0.0377901 1.26911 0.126822 10
0.0282543 -0.123635 1.27116 0.126822 10
0.121237 0.037221 1.2732 0.126822 10
0.0270917 -0.123895 1.27525 0.126822 10
0.121411 0.0366509 1.27729 0.126822 10
0.0259266 -0.124144 1.27934 0.126822 10
0.0253432 -0.124264 1.28139 0.126822 10
0.121581 0.0360804 1.28343 0.126822 10
0.0241745 -0.124497 1.28548 0.126822 10
0.12175 0.0355089 1.28752 0.126822 10
0.0230043 -0.124718 1.28957 0.126822 10
0.121915 0.0349364 1.29161 0.126822 10
0.0218313 -0.124928 1.29366 0.126822 10
0.0212443 -0.12503 1.2957 0.126822 10
0.122078 0.0343637 1.29775 0.126822 10
0.0200689 -0.125224 1.29979 0.126822 10
0.122238 0.0337899 1.30184 0.126822 10
0.0188916 -0.125407 1.30388 0.126822 10
0.122395 0.0332153 1.30593 0.126822 10
0.0177126 -0.125579 1.30797 0.126822 10
0.0171227 -0.125661 1.31002 0.126822 10
0.12255 0.03264 1.31206 0.126822 10
0.0159414 -0.125816 1.31411 0.126822 10
0.122702 0.032064 1.31616 0.126822 10
0.0147588 -0.12596 1.3182 0.126822 10
0.122851 0.0314872 1.32025 0.126822 10
0.0135748 -0.126093 1.32229 0.126822 10
0.122998 0.0309098 1.32434 0.126822 10
0.0123899 -0.126215 1.32638 0.126822 10
0.0117967 -0.126272 1.32843 0.126822 10
0.123142 0.0303321 1.33047 0.126822 10
0.0106099 -0.126377 1.33252 0.126822 10
0.123283 0.0297532 1.33456 0.126822 10
0.0094223 -0.126472 1.33661 0.126822 10
0.123421 0.0291739 1.33865 0.126822 10
0.00823379 -0.126554 1.3407 0.126822 10
0.00763941 -0.126591 1.34274 0.126822 10
0.123557 0.0285935 1.34479 0.126822 10
0.00644946 -0.126658 1.34684 0.126822 10
0.12369 0.0280128 1.34888 0.126822 10
0.00525928 -0.126713 1.35093 0.126822 10
0.12382 0.0274315 1.35297 0.126822 10
0.00406909 -0.126757 1.35502 0.126822 10
0.123947 0.0268497 1.35706 0.126822 10
0.00287795 -0.126789 1.35911 0.126822 10
0.00228238 -0.126801 1.36115 0.126822 10
0.124072 0.0262673 1.3632 0.126822 10
0.00109124 -0.126817 1.36524 0.126822 10
0.124194 0.0256841 1.36729 0.126822 10
-0.000100136 -0.126822 1.36933 0.126822 10
0.124313 0.0251005 1.37138 0.126822 10
-0.00129151 -0.126815 1.37342 0.126822 10
-0.00188732 -0.126808 1.37547 0.126822 10
0.12443 0.0245163 1.37751 0.126822 10
-0.00307846 -0.126785 1.37956 0.126822 10
0.124544 0.0239317 1.38161 0.126822 10
-0.00426936 -0.12675 1.38365 0.126822 10
0.124655 0.0233467 1.3857 0.126822 10
-0.00545979 -0.126704 1.38774 0.126822 10
-0.00605488 -0.126677 1.38979 0.126822 10
0.124763 0.0227606 1.39183 0.126822 10
-0.00724483 -0.126615 1.39388 0.126822 10
0.124869 0.0221744 1.39592 0.126822 10
-0.00843382 -0.126541 1.39797 0.126822 10
0.124971 0.0215874 1.40001 0.126822 10
-0.0096221 -0.126456 1.40206 0.126822 10
0.125071 0.0210004 1.4041 0.126822 10
-0.0108097 -0.12636 1.40615 0.126822 10
-0.0114031 -0.126308 1.40819 0.126822 10
0.125169 0.0204124 1.41024 0.126822 10
-0.0125892 -0.126196 1.41228 0.126822 10
0.125263 0.0198245 1.41433 0.126822 10
-0.0137742 -0.126072 1.41638 0.126822 10
0.125355 0.0192361 1.41842 0.126822 10
-0.0149577 -0.125937 1.42047 0.126822 10
-0.0155492 -0.125865 1.42251 0.126822 10
0.125444 0.018647 1.42456 0.126822 10
-0.016731 -0.125713 1.4266 0.126822 10
0.12553 0.0180576 1.42865 0.126822 10
-0.0179112 -0.125551 1.43069 0.126822 10
0.125613 0.0174675 1.43274 0.126822 10
-0.0190897 -0.125377 1.43478 0.126822 10
-0.0196786 -0.125286 1.43683 0.126822 10
0.125694 0.0168772 1.43887 0.126822 10
-0.0208545 -0.125096 1.44092 0.126822 10
0.125772 0.0162866 1.44296 0.126822 10
-0.0220289 -0.124894 1.44501 0.126822 10
0.125847 0.015696 1.44706 0.126822 10
-0.0232012 -0.124682 1.4491 0.126822 10
0.12592 0.0151045 1.45115 0.126822 10
-0.0243711 -0.124458 1.45319 0.126822 10
-0.0249555 -0.124342 1.45524 0.126822 10
0.125989 0.0145128 1.45728 0.126822 10
-0.0261228 -0.124102 1.45933 0.126822 10
0.126056 0.013921 1.46137 0.126822 10
-0.0272875 -0.123852 1.46342 0.126822 10
0.12612 0.0133288 1.46546 0.126822 10
-0.0284495 -0.12359 1.46751 0.126822 10
-0.0290298 -0.123455 1.46955 0.126822 10
0.126181 0.0127361 1.4716 0.126822 10
-0.0301883 -0.123177 1.47364 0.126822 10
0.126239 0.0121434 1.47569 0.126822 10
-0.0313442 -0.122888 1.47773 0.126822 10
0.126295 0.0115502 1.47978 0.126822 10
-0.0324972 -0.122588 1.48183 0.126822 10
0.126348 0.010957 1.48387 0.126822 10
-0.0336475 -0.122277 1.48592 0.126822 10
-0.0342214 -0.122118 1.48796 0.126822 10
0.126398 0.0103633 1.49001 0.126822 10
-0.0353668 -0.121791 1.49205 0.126822 10
0.126445 0.00976944 1.4941 0.126822 10
-0.0365098 -0.121453 1.49614 0.126822 10
0.12649 0.00917554 1.49819 0.126822 10
-0.0376489 -0.121105 1.50023 0.126822 10
-0.0382173 -0.120927 1.50228 0.126822 10
0.126531 0.00858116 1.50432 0.126822 10
-0.0393517 -0.120562 1.50637 0.126822 10
0.12657 0.00798678 1.50841 0.126822 10
-0.0404825 -0.120187 1.51046 0.126822 10
0.126606 0.00739217 1.51251 0.126822 10
-0.04161 -0.119802 1.51455 0.126822 10
-0.0421722 -0.119605 1.5166 0.126822 10
0.12664 0.00679755 1.51864 0.126822 10
-0.0432937 -0.119203 1.52069 0.126822 10
0.12667 0.00620246 1.52273 0.126822 10
-0.0444117 -0.118791 1.52478 0.126822 10
0.126698 0.00560737 1.52682 0.126822 10
-0.0455258 -0.118369 1.52887 0.126822 10
0.126723 0.00501251 1.53091 0.126822 10
-0.0466356 -0.117936 1.53296 0.126822 10
-0.047189 -0.117716 1.535 0.126822 10
0.126745 0.00441694 1.53705 0.126822 10
-0.0482929 -0.117267 1.53909 0.126822 10
0.126765 0.00382161 1.54114 0.126822 10
-0.0493925 -0.116809 1.54318 0.126822 10
0.126781 0.00322628 1.54523 0.126822 10
-0.0504875 -0.116339 1.54728 0.126822 10
-0.0510335 -0.116101 1.54932 0.126822 10
0.126795 0.00263047 1.55137 0.126822 10
-0.0521219 -0.115616 1.55341 0.126822 10
0.126806 0.0020349 1.55546 0.126822 10
-0.0532057 -0.115122 1.5575 0.126822 10
0.126814 0.00143909 1.55955 0.126822 10
-0.0542846 -0.114617 1.56159 0.126822 10
0.126819 0.000843763 1.56364 0.126822 10
-0.0553591 -0.114102 1.56568 0.126822 10
-0.0558944 -0.113841 1.56773 0.126822 10
0.126822 0.000247955 1.56977 0.126822 10
-0.0569615 -0.11331 1.57182 0.126822 10
0.126822 -0.000347853 1.57386 0.126822 10
-0.0580232 -0.11277 1.57591 0.126822 10
0.126818 -0.000943422 1.57795 0.126822 10
-0.0590801 -0.11222 1.58 0.126822 10
-0.0596068 -0.111941 1.58205 0.126822 10
0.126813 -0.00153923 1.58409 0.126822 10
-0.0606556 -0.111376 1.58614 0.126822 10
0.126804 -0.0021348 1.58818 0.126822 10
-0.0616992 -0.110802 1.59023 0.126822 10
0.126793 -0.00273013 1.59227 0.126822 10
-0.0627372 -0.110217 1.59432 0.126822 10
-0.0632544 -0.109921 1.59636 0.126822 10
0.126778 -0.0033257 1.59841 0.126822 10
-0.0642843 -0.109322 1.60045 0.126822 10
0.126761 -0.00392151 1.6025 0.126822 10
-0.0653081 -0.108714 1.60454 0.126822 10
0.126742 -0.00451684 1.60659 0.126822 10
-0.0663266 -0.108095 1.60863 0.126822 10
0.126719 -0.00511193 1.61068 0.126822 10
-0.0673392 -0.107468 1.61273 0.126822 10
-0.0678432 -0.10715 1.61477 0.126822 10
0.126694 -0.00570726 1.61682 0.126822 10
-0.0688467 -0.106508 1.61886 0.126822 10
0.126665 -0.00630212 1.62091 0.126822 10
-0.0698445 -0.105856 1.62295 0.126822 10
0.126634 -0.00689697 1.625 0.126822 10
-0.0708358 -0.105196 1.62704 0.126822 10
-0.0713291 -0.104862 1.62909 0.126822 10
0.126601 -0.00749159 1.63113 0.126822 10
-0.0723112 -0.104187 1.63318 0.126822 10
0.126564 -0.00808644 1.63522 0.126822 10
-0.0732865 -0.103503 1.63727 0.126822 10
0.126525 -0.00868082 1.63931 0.126822 10
-0.0742557 -0.10281 1.64136 0.126822 10
-0.0747378 -0.10246 1.6434 0.126822 10
0.126482 -0.00927496 1.64545 0.126822 10
-0.0756969 -0.101753 1.6475 0.126822 10
0.126437 -0.00986886 1.64954 0.126822 10
-0.0766494 -0.101038 1.65159 0.126822 10
0.12639 -0.0104628 1.65363 0.126822 10
-0.0775952 -0.100314 1.65568 0.126822 10
0.126339 -0.0110562 1.65772 0.126822 10
-0.0785344 -0.09958 1.65977 0.126822 10
-0.0790012 -0.0992103 1.66181 0.126822 10
0.126286 -0.0116496 1.66386 0.126822 10
-0.0799294 -0.0984635 1.6659 0.126822 10
0.12623 -0.0122426 1.66795 0.126822 10
-0.0808511 -0.0977085 1.66999 0.126822 10
0.126171 -0.0128357 1.67204 0.126822 10
-0.0817654 -0.0969443 1.67408 0.126822 10
-0.0822198 -0.0965595 1.67613 0.126822 10
0.126109 -0.0134277 1.67817 0.126822 10
-0.0831234 -0.0957828 1.68022 0.126822 10
0.126045 -0.0140202 1.68227 0.126822 10
-0.0840194 -0.0949976 1.68431 0.126822 10
0.125977 -0.014612 1.68636 0.126822 10
-0.084908 -0.0942042 1.6884 0.126822 10
0.125907 -0.0152037 1.69045 0.126822 10
-0.0857894 -0.0934024 1.69249 0.126822 10
-0.0862272 -0.0929985 1.69454 0.126822 10
0.125834 -0.015795 1.69658 0.126822 10
-0.0870969 -0.0921843 1.69863 0.126822 10
0.125759 -0.0163858 1.70067 0.126822 10
-0.0879591 -0.091362 1.70272 0.126822 10
0.125681 -0.0169764 1.70476 0.126822 10
-0.0888135 -0.0905316 1.70681 0.126822 10
-0.0892377 -0.0901134 1.70885 0.126822 10
0.125599 -0.0175662 1.7109 0.126822 10
-0.0900805 -0.0892713 1.71295 0.126822 10
0.125516 -0.0181561 1.71499 0.126822 10
-0.090915 -0.0884211 1.71704 0.126822 10
0.125429 -0.0187454 1.71908 0.126822 10
-0.0917416 -0.087563 1.72113 0.126822 10
-0.0921519 -0.087131 1.72317 0.126822 10
0.12534 -0.0193346 1.72522 0.126822 10
-0.0929663 -0.0862617 1.72726 0.126822 10
0.125248 -0.019923 1.72931 0.126822 10
-0.0937729 -0.0853846 1.73135 0.126822 10
0.125153 -0.0205112 1.7334 0.126822 10
-0.0945709 -0.0844998 1.73544 0.126822 10
0.125055 -0.0210986 1.73749 0.126822 10
-0.0953603 -0.0836074 1.73953 0.126822 10
-0.0957518 -0.0831587 1.74158 0.126822 10
0.124954 -0.0216858 1.74362 0.126822 10
-0.096529 -0.0822556 1.74567 0.126822 10
0.124851 -0.0222726 1.74772 0.126822 10
-0.0972974 -0.0813453 1.74976 0.126822 10
0.124745 -0.0228586 1.75181 0.126822 10
-0.0980573 -0.0804276 1.75385 0.126822 10
-0.0984337 -0.0799661 1.7559 0.126822 10
0.124636 -0.0234444 1.75794 0.126822 10
-0.0991807 -0.0790377 1.75999 0.126822 10
0.124525 -0.0240297 1.76203 0.126822 10
-0.0999191 -0.0781028 1.76408 0.126822 10
0.124411 -0.0246141 1.76612 0.126822 10
-0.100648 -0.0771606 1.76817 0.126822 10
-0.10101 -0.0766871 1.77021 0.126822 10
0.124294 -0.0251982 1.77226 0.126822 10
-0.101726 -0.0757346 1.7743 0.126822 10
0.124174 -0.0257819 1.77635 0.126822 10
-0.102432 -0.0747757 1.7784 0.126822 10
0.124051 -0.0263648 1.78044 0.126822 10
-0.10313 -0.0738101 1.78249 0.126822 10
0.123926 -0.0269473 1.78453 0.126822 10
-0.103819 -0.0728381 1.78658 0.126822 10
-0.10416 -0.0723498 1.78862 0.126822 10
0.123798 -0.027529 1.79067 0.126822 10
-0.104836 -0.0713677 1.79271 0.126822 10
0.123667 -0.02811 1.79476 0.126822 10
-0.105501 -0.07038 1.7968 0.126822 10
0.123534 -0.0286908 1.79885 0.126822 10
-0.106158 -0.0693858 1.80089 0.126822 10
-0.106482 -0.0688865 1.80294 0.126822 10
0.123398 -0.0292706 1.80498 0.126822 10
-0.107125 -0.067883 1.80703 0.126822 10
0.123259 -0.02985 1.80907 0.126822 10
-0.107758 -0.0668738 1.81112 0.126822 10
0.123118 -0.0304289 1.81317 0.126822 10
-0.108381 -0.0658584 1.81521 0.126822 10
0.122973 -0.0310068 1.81726 0.126822 10
-0.108995 -0.0648375 1.8193 0.126822 10
-0.109299 -0.0643246 1.82135 0.126822 10
0.122826 -0.031584 1.82339 0.126822 10
-0.109898 -0.0632951 1.82544 0.126822 10
0.122676 -0.0321603 1.82748 0.126822 10
-0.110488 -0.0622599 1.82953 0.126822 10
0.122524 -0.0327363 1.83157 0.126822 10
-0.111068 -0.0612192 1.83362 0.126822 10
-0.111354 -0.0606968 1.83566 0.126822 10
0.122369 -0.0333116 1.83771 0.126822 10
-0.111919 -0.0596483 1.83975 0.126822 10
0.122211 -0.033886 1.8418 0.126822 10
-0.112475 -0.0585942 1.84384 0.126822 10
0.122051 -0.0344596 1.84589 0.126822 10
-0.11302 -0.0575349 1.84794 0.126822 10
-0.113289 -0.0570035 1.84998 0.126822 10
0.121888 -0.0350325 1.85203 0.126822 10
-0.11382 -0.0559366 1.85407 0.126822 10
0.121722 -0.0356045 1.85612 0.126822 10
-0.11434 -0.0548649 1.85816 0.126822 10
0.121553 -0.036176 1.86021 0.126822 10
-0.114851 -0.0537882 1.86225 0.126822 10
0.121382 -0.0367465 1.8643 0.126822 10
-0.115351 -0.0527072 1.86634 0.126822 10
-0.115597 -0.0521648 1.86839 0.126822 10
0.121208 -0.0373163 1.87043 0.126822 10
-0.116082 -0.0510764 1.87248 0.126822 10
0.121031 -0.0378852 1.87452 0.126822 10
-0.116557 -0.0499837 1.87657 0.126822 10
0.120852 -0.0384533 1.87862 0.126822 10
-0.117021 -0.0488865 1.88066 0.126822 10
-0.117249 -0.0483365 1.88271 0.126822 10
0.12067 -0.0390208 1.88475 0.126822 10
-0.117698 -0.0472326 1.8868 0.126822 10
0.120485 -0.0395868 1.88884 0.126822 10
-0.118137 -0.0461249 1.89089 0.126822 10
0.120298 -0.0401523 1.89293 0.126822 10
-0.118565 -0.0450134 1.89498 0.126822 10
-0.118775 -0.044456 1.89702 0.126822 10
0.120108 -0.0407169 1.89907 0.126822 10
-0.119188 -0.0433378 1.90111 0.126822 10
0.119915 -0.0412807 1.90316 0.126822 10
-0.119589 -0.0422163 1.9052 0.126822 10
0.11972 -0.0418437 1.90725 0.126822 10
-0.119981 -0.0410912 1.90929 0.126822 10
0.119522 -0.0424056 1.91134 0.126822 10
-0.120361 -0.0399623 1.91339 0.126822 10
-0.120548 -0.0393965 1.91543 0.126822 10
0.119322 -0.0429664 1.91748 0.126822 10
-0.120913 -0.0382624 1.91952 0.126822 10
0.119119 -0.0435262 1.92157 0.126822 10
-0.121267 -0.0371249 1.92361 0.126822 10
0.118913 -0.0440855 1.92566 0.126822 10
-0.12161 -0.0359838 1.9277 0.126822 10
-0.121778 -0.0354123 1.92975 0.126822 10
0.118705 -0.0446434 1.93179 0.126822 10
-0.122105 -0.0342667 1.93384 0.126822 10
0.118494 -0.0452006 1.93588 0.126822 10
-0.122422 -0.0331182 1.93793 0.126822 10
0.11828 -0.0457568 1.93997 0.126822 10
-0.122727 -0.0319664 1.94202 0.126822 10
0.118064 -0.0463119 1.94406 0.126822 10
-0.123022 -0.0308123 1.94611 0.126822 10
-0.123166 -0.0302343 1.94816 0.126822 10
0.117845 -0.0468657 1.9502 0.126822 10
-0.123444 -0.0290756 1.95225 0.126822 10
0.117624 -0.0474186 1.95429 0.126822 10
-0.123712 -0.0279145 1.95634 0.126822 10
0.1174 -0.0479705 1.95838 0.126822 10
-0.123969 -0.0267515 1.96043 0.126822 10
-0.124093 -0.0261688 1.96247 0.126822 10
0.117173 -0.0485218 1.96452 0.126822 10
-0.124333 -0.0250018 1.96656 0.126822 10
0.116944 -0.0490716 1.96861 0.126822 10
-0.124563 -0.0238328 1.97065 0.126822 10
0.116712 -0.0496204 1.9727 0.126822 10
-0.124781 -0.0226617 1.97474 0.126822 10
-0.124886 -0.0220754 1.97679 0.126822 10
0.116477 -0.050168 1.97884 0.126822 10
-0.125088 -0.020901 1.98088 0.126822 10
0.116241 -0.0507143 1.98293 0.126822 10
-0.125279 -0.0197251 1.98497 0.126822 10
0.116001 -0.05126 1.98702 0.126822 10
-0.125458 -0.0185473 1.98906 0.126822 10
0.115759 -0.0518043 1.99111 0.126822 10
-0.125627 -0.0173678 1.99315 0.126822 10
-0.125707 -0.0167775 1.9952 0.126822 10
0.115515 -0.0523474 1.99724 0.126822 10
-0.125859 -0.0155962 1.99929 0.126822 10
0.115267 -0.0528893 2.00133 0.126822 10
-0.126 -0.0144129 2.00338 0.126822 10
0.115017 -0.0534303 2.00542 0.126822 10
-0.12613 -0.0132287 2.00747 0.126822 10
-0.126191 -0.0126359 2.00951 0.126822 10
0.114766 -0.0539699 2.01156 0.126822 10
-0.126304 -0.0114501 2.01361 0.126822 10
0.114511 -0.0545084 2.01565 0.126822 10
-0.126406 -0.010263 2.0177 0.126822 10
0.114253 -0.0550454 2.01974 0.126822 10
-0.126497 -0.00907493 2.02179 0.126822 10
0.113993 -0.0555818 2.02383 0.126822 10
-0.126577 -0.00788641 2.02588 0.126822 10
-0.126612 -0.00729179 2.02792 0.126822 10
0.113731 -0.0561166 2.02997 0.126822 10
-0.126675 -0.00610185 2.03201 0.126822 10
0.113466 -0.0566502 2.03406 0.126822 10
-0.126727 -0.0049119 2.0361 0.126822 10
0.113199 -0.0571823 2.03815 0.126822 10
-0.126768 -0.003721 2.04019 0.126822 10
-0.126784 -0.00312567 2.04224 0.126822 10
0.112929 -0.0577133 2.04429 0.126822 10
-0.126807 -0.00193429 2.04633 0.126822 10
0.112657 -0.0582433 2.04838 0.126822 10
-0.12682 -0.000742912 2.05042 0.126822 10
0.112382 -0.0587716 2.05247 0.126822 10
-0.126821 0.000448227 2.05451 0.126822 10
-0.126818 0.00104427 2.05656 0.126822 10
0.112105 -0.059299 2.0586 0.126822 10
-0.126802 0.00223517 2.06065 0.126822 10
0.111825 -0.0598249 2.06269 0.126822 10
-0.126776 0.00342631 2.06474 0.126822 10
0.111543 -0.0603495 2.06678 0.126822 10
-0.126738 0.00461721 2.06883 0.126822 10
0.111258 -0.060873 2.07087 0.126822 10
-0.126689 0.00580764 2.07292 0.126822 10
-0.12666 0.00640273 2.07496 0.126822 10
0.110971 -0.0613945 2.07701 0.126822 10
-0.126595 0.0075922 2.07906 0.126822 10
0.110681 -0.0619152 2.0811 0.126822 10
-0.126518 0.00878119 2.08315 0.126822 10
0.110389 -0.0624344 2.08519 0.126822 10
-0.12643 0.00996923 2.08724 0.126822 10
-0.126381 0.0105631 2.08928 0.126822 10
0.110095 -0.0629523 2.09133 0.126822 10
-0.126276 0.01175 2.09337 0.126822 10
0.109798 -0.0634687 2.09542 0.126822 10
-0.126161 0.0129356 2.09746 0.126822 10
0.109499 -0.0639839 2.09951 0.126822 10
-0.126034 0.0141201 2.10155 0.126822 10
-0.125966 0.0147121 2.1036 0.126822 10
0.109197 -0.0644975 2.10564 0.126822 10
-0.125822 0.0158947 2.10769 0.126822 10
0.108892 -0.0650096 2.10974 0.126822 10
-0.125667 0.017076 2.11178 0.126822 10
0.108586 -0.06552 2.11383 0.126822 10
-0.125501 0.0182557 2.11587 0.126822 10
0.108277 -0.0660295 2.11792 0.126822 10
-0.125324 0.019434 2.11996 0.126822 10
-0.125232 0.0200226 2.12201 0.126822 10
0.107965 -0.0665376 2.12405 0.126822 10
-0.125038 0.0211978 2.1261 0.126822 10
0.107652 -0.0670438 2.12814 0.126822 10
-0.124834 0.0223718 2.13019 0.126822 10
0.107336 -0.0675488 2.13223 0.126822 10
-0.124618 0.0235434 2.13428 0.126822 10
-0.124506 0.0241287 2.13632 0.126822 10
0.107018 -0.0680523 2.13837 0.126822 10
-0.124274 0.0252969 2.14041 0.126822 10
0.106697 -0.0685544 2.14246 0.126822 10
-0.124031 0.0264633 2.14451 0.126822 10
0.106373 -0.0690544 2.14655 0.126822 10
-0.123776 0.0276272 2.1486 0.126822 10
0.106048 -0.0695534 2.15064 0.126822 10
-0.123512 0.0287888 2.15269 0.126822 10
-0.123375 0.0293686 2.15473 0.126822 10
0.10572 -0.070051 2.15678 0.126822 10
-0.123094 0.0305266 2.15882 0.126822 10
0.10539 -0.0705466 2.16087 0.126822 10
-0.122801 0.0316813 2.16291 0.126822 10
0.105057 -0.0710409 2.16496 0.126822 10
-0.163331 0.0437779 2.167 0.169096 10
-0.163124 0.0445449 2.16905 0.169096 10
0.13963 -0.0953782 2.17109 0.169096 10
-0.162698 0.0460751 2.17314 0.169096 10
0.13918 -0.0960329 2.17518 0.169096 10
-0.162258 0.0476015 2.17723 0.169096 10
0.138728 -0.0966856 2.17928 0.169096 10
-0.161804 0.0491238 2.18132 0.169096 10
-0.161571 0.0498831 2.18337 0.169096 10
0.138272 -0.0973363 2.18541 0.169096 10
-0.161095 0.0513988 2.18746 0.169096 10
0.137813 -0.0979843 2.1895 0.169096 10
-0.160605 0.0529099 2.19155 0.169096 10
0.137352 -0.0986307 2.19359 0.169096 10
-0.160101 0.0544164 2.19564 0.169096 10
0.136887 -0.0992751 2.19768 0.169096 10
-0.159583 0.055918 2.19973 0.169096 10
-0.159319 0.0566671 2.20177 0.169096 10
0.136419 -0.0999169 2.20382 0.169096 10
-0.158779 0.058161 2.20586 0.169096 10
0.135948 -0.100556 2.20791 0.169096 10
-0.158226 0.0596502 2.20995 0.169096 10
0.135474 -0.101194 2.212 0.169096 10
-0.157659 0.0611339 2.21405 0.169096 10
-0.15737 0.0618737 2.21609 0.169096 10
0.134997 -0.101829 2.21814 0.169096 10
-0.156781 0.0633495 2.22018 0.169096 10
0.134518 -0.102462 2.22223 0.169096 10
-0.156179 0.0648193 2.22427 0.169096 10
0.134035 -0.103093 2.22632 0.169096 10
-0.155563 0.0662837 2.22836 0.169096 10
-0.155251 0.0670137 2.23041 0.169096 10
0.133549 -0.103721 2.23245 0.169096 10
-0.154614 0.068469 2.2345 0.169096 10
0.133061 -0.104347 2.23654 0.169096 10
-0.153964 0.0699186 2.23859 0.169096 10
0.132569 -0.104971 2.24063 0.169096 10
-0.153301 0.071362 2.24268 0.169096 10
0.132074 -0.105593 2.24473 0.169096 10
-0.152623 0.0727987 2.24677 0.169096 10
-0.15228 0.0735147 2.24882 0.169096 10
0.131577 -0.106212 2.25086 0.169096 10
-0.151582 0.0749424 2.25291 0.169096 10
0.131077 -0.106829 2.25495 0.169096 10
-0.150872 0.0763628 2.257 0.169096 10
0.130573 -0.107443 2.25904 0.169096 10
-0.150148 0.0777769 2.26109 0.169096 10
-0.149781 0.0784814 2.26313 0.169096 10
0.130067 -0.108056 2.26518 0.169096 10
-0.149037 0.0798848 2.26722 0.169096 10
0.129558 -0.108665 2.26927 0.169096 10
-0.14828 0.0812814 2.27131 0.169096 10
0.129046 -0.109272 2.27336 0.169096 10
-0.14751 0.0826709 2.2754 0.169096 10
0.128532 -0.109878 2.27745 0.169096 10
-0.146727 0.0840528 2.2795 0.169096 10
-0.14633 0.0847411 2.28154 0.169096 10
0.128014 -0.11048 2.28359 0.169096 10
-0.145528 0.086112 2.28563 0.169096 10
0.127494 -0.11108 2.28768 0.169096 10
-0.144712 0.0874753 2.28972 0.169096 10
0.126971 -0.111678 2.29177 0.169096 10
-0.143884 0.0888309 2.29381 0.169096 10
-0.143466 0.0895059 2.29586 0.169096 10
0.126445 -0.112273 2.2979 0.169096 10
-0.142618 0.0908494 2.29995 0.169096 10
0.125916 -0.112866 2.30199 0.169096 10
-0.141758 0.0921853 2.30404 0.169096 10
0.125385 -0.113456 2.30608 0.169096 10
-0.140886 0.093513 2.30813 0.169096 10
-0.140445 0.0941737 2.31018 0.169096 10
0.12485 -0.114043 2.31222 0.169096 10
-0.139555 0.0954888 2.31427 0.169096 10
0.124313 -0.114629 2.31631 0.169096 10
-0.138651 0.0967956 2.31836 0.169096 10
0.123773 -0.115211 2.3204 0.169096 10
-0.137736 0.0980937 2.32245 0.169096 10
0.123231 -0.115792 2.32449 0.169096 10
-0.136808 0.0993834 2.32654 0.169096 10
-0.13634 0.100025 2.32858 0.169096 10
0.122685 -0.116369 2.33063 0.169096 10
-0.135394 0.101301 2.33267 0.169096 10
0.122138 -0.116944 2.33472 0.169096 10
-0.134437 0.102569 2.33676 0.169096 10
0.121587 -0.117517 2.33881 0.169096 10
-0.133467 0.103827 2.34085 0.169096 10
-0.132978 0.104453 2.3429 0.169096 10
0.121034 -0.118086 2.34495 0.169096 10
-0.131991 0.105697 2.34699 0.169096 10
0.120477 -0.118654 2.34904 0.169096 10
-0.130992 0.106933 2.35108 0.169096 10
0.119919 -0.119218 2.35313 0.169096 10
-0.129982 0.108159 2.35517 0.169096 10
0.119358 -0.11978 2.35722 0.169096 10
-0.12896 0.109375 2.35926 0.169096 10
-0.128445 0.10998 2.36131 0.169096 10
0.118794 -0.120339 2.36335 0.169096 10
-0.127406 0.111181 2.3654 0.169096 10
0.118227 -0.120896 2.36744 0.169096 10
-0.126356 0.112373 2.36949 0.169096 10
0.117658 -0.12145 2.37153 0.169096 10
-0.125295 0.113555 2.37358 0.169096 10
-0.12476 0.114143 2.37562 0.169096 10
0.117086 -0.122001 2.37767 0.169096 10
-0.123682 0.115309 2.37972 0.169096 10
0.116512 -0.12255 2.38176 0.169096 10
-0.122594 0.116466 2.38381 0.169096 10
0.115935 -0.123096 2.38585 0.169096 10
-0.121494 0.117613 2.3879 0.169096 10
-0.12094 0.118182 2.38994 0.169096 10
0.115356 -0.123639 2.39199 0.169096 10
-0.119825 0.119313 2.39403 0.169096 10
0.114774 -0.124179 2.39608 0.169096 10
-0.118699 0.120434 2.39812 0.169096 10
0.114189 -0.124717 2.40017 0.169096 10
-0.117562 0.121543 2.40221 0.169096 10
0.113602 -0.125252 2.40426 0.169096 10
-0.116415 0.122642 2.4063 0.169096 10
-0.115838 0.123188 2.40835 0.169096 10
0.113012 -0.125784 2.4104 0.169096 10
-0.114676 0.12427 2.41244 0.169096 10
0.11242 -0.126314 2.41449 0.169096 10
-0.113503 0.125342 2.41653 0.169096 10
0.111826 -0.126841 2.41858 0.169096 10
-0.11232 0.126403 2.42062 0.169096 10
-0.111725 0.12693 2.42267 0.169096 10
0.111229 -0.127364 2.42471 0.169096 10
-0.110528 0.127973 2.42676 0.169096 10
0.110629 -0.127885 2.4288 0.169096 10
-0.109321 0.129006 2.43085 0.169096 10
0.110027 -0.128404 2.43289 0.169096 10
-0.108104 0.130027 2.43494 0.169096 10
-0.107492 0.130533 2.43698 0.169096 10
0.109423 -0.128919 2.43903 0.169096 10
-0.106261 0.131537 2.44107 0.169096 10
0.108816 -0.129432 2.44312 0.169096 10
-0.105021 0.13253 2.44517 0.169096 10
0.108207 -0.129941 2.44721 0.169096 10
-0.103771 0.133511 2.44926 0.169096 10
0.107595 -0.130448 2.4513 0.169096 10
-0.102512 0.13448 2.45335 0.169096 10
-0.10188 0.134959 2.45539 0.169096 10
0.106982 -0.130952 2.45744 0.169096 10
-0.100607 0.135911 2.45948 0.169096 10
0.106365 -0.131453 2.46153 0.169096 10
-0.0993264 0.13685 2.46357 0.169096 10
0.105747 -0.131951 2.46562 0.169096 10
-0.122545 0.172221 2.46766 0.21137 10
-0.121735 0.172795 2.46971 0.21137 10
0.131407 -0.165558 2.47175 0.21137 10
-0.120106 0.173931 2.4738 0.21137 10
0.130628 -0.166174 2.47585 0.21137 10
-0.118467 0.175051 2.47789 0.21137 10
0.129846 -0.166785 2.47994 0.21137 10
-0.116817 0.176157 2.48198 0.21137 10
0.129061 -0.167394 2.48403 0.21137 10
-0.115158 0.177246 2.48607 0.21137 10
-0.114324 0.177785 2.48812 0.21137 10
0.128273 -0.167998 2.49016 0.21137 10
-0.112648 0.178851 2.49221 0.21137 10
0.127483 -0.168598 2.49425 0.21137 10
-0.110963 0.179902 2.4963 0.21137 10
0.12669 -0.169195 2.49834 0.21137 10
-0.109268 0.180936 2.50039 0.21137 10
-0.108418 0.181447 2.50243 0.21137 10
0.125894 -0.169789 2.50448 0.21137 10
-0.106708 0.182458 2.50652 0.21137 10
0.125094 -0.170378 2.50857 0.21137 10
-0.104989 0.183452 2.51062 0.21137 10
0.124293 -0.170964 2.51266 0.21137 10
-0.103261 0.18443 2.51471 0.21137 10
-0.102394 0.184914 2.51675 0.21137 10
0.123488 -0.171546 2.5188 0.21137 10
-0.100652 0.185867 2.52084 0.21137 10
0.122681 -0.172124 2.52289 0.21137 10
-0.0989017 0.186804 2.52493 0.21137 10
0.121871 -0.172698 2.52698 0.21137 10
-0.0971425 0.187725 2.52902 0.21137 10
0.121059 -0.173269 2.53107 0.21137 10
-0.0953748 0.18863 2.53311 0.21137 10
-0.0944877 0.189076 2.53516 0.21137 10
0.120244 -0.173836 2.5372 0.21137 10
-0.0927074 0.189955 2.53925 0.21137 10
0.119426 -0.174398 2.54129 0.21137 10
-0.0909185 0.190817 2.54334 0.21137 10
0.118605 -0.174958 2.54539 0.21137 10
-0.0891223 0.191663 2.54743 0.21137 10
-0.0882211 0.19208 2.54948 0.21137 10
0.117782 -0.175512 2.55152 0.21137 10
-0.0864127 0.1929 2.55357 0.21137 10
0.116956 -0.176064 2.55561 0.21137 10
-0.0845966 0.193703 2.55766 0.21137 10
0.116128 -0.176611 2.5597 0.21137 10
-0.0827734 0.194489 2.56175 0.21137 10
-0.0818589 0.194876 2.56379 0.21137 10
0.115298 -0.177155 2.56584 0.21137 10
-0.0800242 0.195636 2.56788 0.21137 10
0.114464 -0.177695 2.56993 0.21137 10
-0.0781832 0.196379 2.57197 0.21137 10
0.113628 -0.17823 2.57402 0.21137 10
-0.0763347 0.197105 2.57607 0.21137 10
0.11279 -0.178762 2.57811 0.21137 10
-0.0744801 0.197814 2.58016 0.21137 10
-0.07355 0.198161 2.5822 0.21137 10
0.111949 -0.17929 2.58425 0.21137 10
-0.0716853 0.198843 2.58629 0.21137 10
0.111105 -0.179813 2.58834 0.21137 10
-0.0698142 0.199508 2.59038 0.21137 10
0.11026 -0.180333 2.59243 0.21137 10
-0.0679369 0.200155 2.59447 0.21137 10
-0.0669959 0.200472 2.59652 0.21137 10
0.109411 -0.180849 2.59856 0.21137 10
-0.0651097 0.201093 2.60061 0.21137 10
0.108561 -0.181361 2.60265 0.21137 10
-0.0632176 0.201695 2.6047 0.21137 10
0.107708 -0.181869 2.60674 0.21137 10
-0.0613201 0.20228 2.60879 0.21137 10
0.106852 -0.182373 2.61084 0.21137 10
-0.0713005 0.243417 2.61288 0.253644 10
-0.0701563 0.243749 2.61493 0.253644 10
0.127193 -0.219447 2.61697 0.253644 10
-0.0678635 0.244398 2.61902 0.253644 10
0.126161 -0.220042 2.62106 0.253644 10
-0.0655646 0.245024 2.62311 0.253644 10
0.125126 -0.220633 2.62515 0.253644 10
-0.0632598 0.245629 2.6272 0.253644 10
-0.0621054 0.245924 2.62924 0.253644 10
0.124088 -0.221218 2.63129 0.253644 10
-0.0597925 0.246496 2.63333 0.253644 10
0.123048 -0.221798 2.63538 0.253644 10
-0.0574744 0.247047 2.63742 0.253644 10
0.122005 -0.222374 2.63947 0.253644 10
-0.055151 0.247576 2.64152 0.253644 10
-0.0539875 0.247832 2.64356 0.253644 10
0.120959 -0.222945 2.64561 0.253644 10
-0.051657 0.248329 2.64765 0.253644 10
0.11991 -0.22351 2.6497 0.253644 10
-0.0493219 0.248803 2.65174 0.253644 10
0.118859 -0.224071 2.65379 0.253644 10
-0.0469825 0.249255 2.65583 0.253644 10
0.117805 -0.224627 2.65788 0.253644 10
-0.0446389 0.249686 2.65992 0.253644 10
-0.0434654 0.249893 2.66197 0.253644 10
0.116749 -0.225178 2.66401 0.253644 10
-0.041116 0.25029 2.66606 0.253644 10
0.11569 -0.225724 2.6681 0.253644 10
-0.0387628 0.250665 2.67015 0.253644 10
0.114629 -0.226264 2.67219 0.253644 10
-0.0364063 0.251018 2.67424 0.253644 10
-0.0352271 0.251186 2.67629 0.253644 10
0.113564 -0.226801 2.67833 0.253644 10
-0.0328655 0.251506 2.68038 0.253644 10
0.112498 -0.227331 2.68242 0.253644 10
-0.0305016 0.251804 2.68447 0.253644 10
0.111429 -0.227857 2.68651 0.253644 10
-0.0281351 0.252079 2.68856 0.253644 10
0.110357 -0.228378 2.6906 0.253644 10
-0.0257654 0.252332 2.69265 0.253644 10
-0.0245802 0.252451 2.69469 0.253644 10
0.109284 -0.228894 2.69674 0.253644 10
-0.0222073 0.252671 2.69878 0.253644 10
0.108207 -0.229405 2.70083 0.253644 10
-0.0198326 0.252868 2.70287 0.253644 10
0.107128 -0.229911 2.70492 0.253644 10
-0.0203657 0.295217 2.70696 0.295918 10
-0.0189788 0.295309 2.70901 0.295918 10
0.123722 -0.268813 2.71106 0.295918 10
-0.0162036 0.295475 2.7131 0.295918 10
0.122458 -0.269391 2.71515 0.295918 10
-0.0134275 0.295614 2.71719 0.295918 10
0.121191 -0.269964 2.71924 0.295918 10
-0.0106499 0.295727 2.72128 0.295918 10
-0.00926065 0.295774 2.72333 0.295918 10
0.119922 -0.27053 2.72537 0.295918 10
-0.00648165 0.295847 2.72742 0.295918 10
0.118649 -0.27109 2.72946 0.295918 10
-0.00370216 0.295896 2.73151 0.295918 10
0.117375 -0.271644 2.73355 0.295918 10
-0.000922203 0.295917 2.7356 0.295918 10
0.116098 -0.272193 2.73764 0.295918 10
0.00185728 0.295913 2.73969 0.295918 10
0.0032475 0.295901 2.74173 0.295918 10
0.114818 -0.272735 2.74378 0.295918 10
0.00602722 0.295857 2.74583 0.295918 10
0.113536 -0.273272 2.74787 0.295918 10
0.00880623 0.295787 2.74992 0.295918 10
0.112251 -0.273802 2.75196 0.295918 10
0.0115843 0.295692 2.75401 0.295918 10
0.0129733 0.295634 2.75605 0.295918 10
0.110963 -0.274326 2.7581 0.295918 10
0.0157497 0.295499 2.76014 0.295918 10
0.109674 -0.274844 2.76219 0.295918 10
0.0185251 0.295338 2.76423 0.295918 10
0.108381 -0.275356 2.76628 0.295918 10
0.0243413 0.337316 2.76832 0.338192 10
0.0259254 0.337198 2.77037 0.338192 10
0.122385 -0.315271 2.77241 0.338192 10
0.0290923 0.336939 2.77446 0.338192 10
0.120903 -0.315842 2.77651 0.338192 10
0.0322561 0.336651 2.77855 0.338192 10
0.119418 -0.316407 2.7806 0.338192 10
0.0354173 0.336333 2.78264 0.338192 10
0.11793 -0.316964 2.78469 0.338192 10
0.0385752 0.335985 2.78673 0.338192 10
0.040153 0.335801 2.78878 0.338192 10
0.11644 -0.317515 2.79082 0.338192 10
0.0433059 0.335408 2.79287 0.338192 10
0.114948 -0.318058 2.79491 0.338192 10
0.0464544 0.334987 2.79696 0.338192 10
0.113452 -0.318595 2.799 0.338192 10
0.0495994 0.334536 2.80105 0.338192 10
0.0511703 0.334299 2.80309 0.338192 10
0.111954 -0.319124 2.80514 0.338192 10
0.0543084 0.333804 2.80718 0.338192 10
0.110455 -0.319646 2.80923 0.338192 10
0.0574419 0.333279 2.81128 0.338192 10
0.108952 -0.320162 2.81332 0.338192 10
0.0681415 0.374315 2.81537 0.380466 10
0.120878 -0.360754 2.81741 0.380466 10
0.071655 0.373658 2.81946 0.380466 10
0.0734091 0.373317 2.8215 0.380466 10
0.119182 -0.361317 2.82355 0.380466 10
0.0769129 0.372611 2.82559 0.380466 10
0.117483 -0.361873 2.82764 0.380466 10
0.0804098 0.371872 2.82968 0.380466 10
0.115782 -0.362421 2.83173 0.380466 10
0.0838997 0.371101 2.83377 0.380466 10
0.0856421 0.370703 2.83582 0.380466 10
0.114079 -0.362961 2.83786 0.380466 10
0.0891206 0.369881 2.83991 0.380466 10
0.112372 -0.363493 2.84196 0.380466 10
0.0925913 0.369028 2.844 0.380466 10
0.110664 -0.364017 2.84605 0.380466 10
0.0960538 0.368142 2.84809 0.380466 10
0.0977821 0.367687 2.85014 0.380466 10
0.108953 -0.364532 2.85218 0.380466 10
0.11248 0.407502 2.85423 0.422741 10
0.119155 -0.4056 2.85627 0.422741 10
0.116303 0.406428 2.85832 0.422741 10
0.117249 -0.406156 2.86036 0.422741 10
0.120116 0.405317 2.86241 0.422741 10
0.115339 -0.406702 2.86445 0.422741 10
0.123918 0.404171 2.8665 0.422741 10
0.125815 0.403584 2.86854 0.422741 10
0.113428 -0.407239 2.87059 0.422741 10
0.129601 0.402385 2.87263 0.422741 10
0.111514 -0.407767 2.87468 0.422741 10
0.133376 0.401149 2.87673 0.422741 10
0.109597 -0.408287 2.87877 0.422741 10
0.150852 0.439867 2.88082 0.465015 10
0.152916 0.439153 2.88286 0.465015 10
0.118446 -0.449677 2.88491 0.465015 10
0.157035 0.437697 2.88695 0.465015 10
0.116332 -0.450228 2.889 0.465015 10
0.16114 0.436203 2.89104 0.465015 10
0.114216 -0.450769 2.89309 0.465015 10
0.16523 0.43467 2.89513 0.465015 10
0.16727 0.433889 2.89718 0.465015 10
0.112098 -0.451301 2.89922 0.465015 10
0.171339 0.432298 2.90127 0.465015 10
0.109977 -0.451822 2.90331 0.465015 10
0.191337 0.469821 2.90536 0.507289 10
0.117658 -0.493455 2.9074 0.507289 10
0.195742 0.468003 2.90945 0.507289 10
0.115339 -0.494003 2.9115 0.507289 10
0.20013 0.466143 2.91354 0.507289 10
0.202317 0.465199 2.91559 0.507289 10
0.113017 -0.494539 2.91763 0.507289 10
0.206679 0.463277 2.91968 0.507289 10
0.110693 -0.495064 2.92172 0.507289 10
0.228607 0.499758 2.92377 0.549563 10
0.117397 -0.536876 2.92581 0.549563 10
0.233292 0.497589 2.92786 0.549563 10
0.235626 0.496487 2.9299 0.549563 10
0.114874 -0.537422 2.93195 0.549563 10
0.24028 0.494252 2.93399 0.549563 10
0.112348 -0.537956 2.93604 0.549563 10
0.263752 0.529817 2.93808 0.591837 10
0.118268 -0.579899 2.94013 0.591837 10
0.268717 0.527316 2.94218 0.591837 10
0.115543 -0.580448 2.94422 0.591837 10
0.273659 0.524768 2.94627 0.591837 10
0.276121 0.523477 2.94831 0.591837 10
0.112815 -0.580984 2.95036 0.591837 10
0.3011 0.558064 2.9524 0.634111 10
0.117948 -0.623045 2.95445 0.634111 10
0.306329 0.555211 2.95649 0.634111 10
0.11502 -0.623592 2.95854 0.634111 10
0.311531 0.552309 2.96058 0.634111 10
0.314122 0.55084 2.96263 0.634111 10
0.11209 -0.624125 2.96467 0.634111 10
0.340568 0.584388 2.96672 0.676385 10
0.116434 -0.666288 2.96876 0.676385 10
0.346043 0.581164 2.97081 0.676385 10
0.113303 -0.666827 2.97285 0.676385 10
0.373455 0.614005 2.9749 0.718659 10
0.376335 0.612244 2.97695 0.718659 10
0.117056 -0.709062 2.97899 0.718659 10
0.38207 0.608682 2.98104 0.718659 10
0.113724 -0.709604 2.98308 0.718659 10
0.410581 0.640658 2.98513 0.760933 10
0.116883 -0.751902 2.98717 0.760933 10
0.416582 0.636772 2.98922 0.760933 10
0.11335 -0.752443 2.99126 0.760933 10
0.44602 0.667988 2.99331 0.803207 10
0.449152 0.665886 2.99535 0.803207 10
0.115915 -0.794799 2.9974 0.803207 10
0.479356 0.69646 2.99944 0.845481 10
0.118085 -0.837194 3.00149 0.845481 10
0.485877 0.691926 3.00353 0.845481 10
0.114151 -0.837739 3.00558 0.845481 10
0.516974 0.721698 3.00763 0.887755 10
0.520358 0.719262 3.00967 0.887755 10
0.115726 -0.88018 3.01172 0.887755 10
0.552191 0.748358 3.01376 0.930029 10
0.116904 -0.922652 3.01581 0.930029 10
0.584615 0.776916 3.01785 0.972303 10
0.117686 -0.965154 3.0199 0.972303 10
0.617622 0.804929 3.02194 1.01458 10
0.11807 -1.00768 3.02399 1.01458 10
0.651205 0.832386 3.02603 1.05685 10
0.655107 0.829319 3.02808 1.05685 10
0.118058 -1.05024 3.03012 1.05685 10
0.689384 0.856053 3.03217 1.09913 10
0.117649 -1.09281 3.03421 1.09913 10
0.751041 0.914888 3.03626 1.18367 10
0.121169 -1.17746 3.0383 1.18367 10
0.786731 0.940213 3.04035 1.22595 10
0.791139 0.936508 3.0424 1.22595 10
0.119767 -1.22008 3.04444 1.22595 10
0.855067 0.993106 3.04649 1.3105 10
0.121899 -1.30481 3.04853 1.3105 10
0.920124 1.04858 3.05058 1.39504 10
0.123238 -1.38959 3.05262 1.39504 10
0.986294 1.10291 3.05467 1.47959 10
0.991463 1.09827 3.05671 1.47959 10
0.123783 -1.4744 3.05876 1.47959 10
1.05898 1.15113 3.0608 1.56414 10
0.123534 -1.55925 3.06285 1.56414 10
1.15648 1.23365 3.06489 1.69096 10
0.125631 -1.68629 3.06694 1.69096 10
1.25562 1.31444 3.06898 1.81778 10
0.126537 -1.81337 3.07103 1.81778 10
1.38586 1.42376 3.07307 1.98688 10
1.39253 1.41723 3.07512 1.98688 10
0.128996 -1.98269 3.07717 1.98688 10
1.52542 1.52358 3.07921 2.15598 10
0.129868 -2.15206 3.08126 2.15598 10
1.72081 1.68674 3.0833 2.40962 10
0.133847 -2.4059 3.08535 2.40962 10
1.91937 1.84634 3.08739 2.66326 10
1.92803 1.8373 3.08944 2.66326 10
0.135444 -2.65982 3.09148 2.66326 10
2.22309 2.07898 3.09353 3.04373 10
0.140513 -3.04048 3.09557 3.04373 10
2.58513 2.37243 3.09762 3.50874 10
0.145515 -3.50572 3.09966 3.50874 10
3.10991 2.80067 3.10171 4.18513 10
3.12303 2.78603 3.10375 4.18513 10
0.153924 -4.1823 3.1058 4.18513 10
3.84886 3.36914 3.10785 5.11516 10
0.164116 -5.11252 3.10989 5.11516 10
5.03482 4.32442 3.11194 6.63702 10
0.181782 -6.63453 3.11398 6.63702 10
0 0 3.11603 0 -1
-2.51643 3.47215 3.11807 0 -1
0 0 3.12012 0 -1
0 0 3.12216 0 -1
-2.51643 3.47215 3.12421 0 -1
0 0 3.12625 0 -1
-2.51643 3.47215 3.1283 0 -1
0 0 3.13034 0 -1
-2.51643 3.47215 3.13239 0 -1
0 0 3.13443 0 -1
0 0 3.13648 0 -1
-2.51643 3.47215 3.13852 0 -1
0 0 3.14057 0 -1
-2.51643 3.47215 3.14262 0 -1
0 0 3.14466 0 -1
-2.51643 3.47215 3.14671 0 -1
0 0 3.14875 0 -1
-2.51643 3.47215 3.1508 0 -1
0 0 3.15284 0 -1
0 0 3.15489 0 -1
-2.51643 3.47215 3.15693 0 -1
0 0 3.15898 0 -1
-2.51643 3.47215 3.16102 0 -1
0 0 3.16307 0 -1
-2.51643 3.47215 3.16511 0 -1
0 0 3.16716 0 -1
0 0 3.1692 0 -1
-2.51643 3.47215 3.17125 0 -1
0 0 3.1733 0 -1
-2.51643 3.47215 3.17534 0 -1
0 0 3.17739 0 -1
-2.51643 3.47215 3.17943 0 -1
0 0 3.18148 0 -1
0 0 3.18352 0 -1
-2.51643 3.47215 3.18557 0 -1
0 0 3.18761 0 -1
-2.51643 3.47215 3.18966 0 -1
0 0 3.1917 0 -1
-2.51643 3.47215 3.19375 0 -1
0 0 3.19579 0 -1
-2.51643 3.47215 3.19784 0 -1
0 0 3.19988 0 -1
0 0 3.20193 0 -1
-2.51643 3.47215 3.20397 0 -1
0 0 3.20602 0 -1
-2.51643 3.47215 3.20807 0 -1
0 0 3.21011 0 -1
-2.51643 3.47215 3.21216 0 -1
0 0 3.2142 0 -1
0 0 3.21625 0 -1
-2.51643 3.47215 3.21829 0 -1
0 0 3.22034 0 -1
-2.51643 3.47215 3.22238 0 -1
0 0 3.22443 0 -1
-2.51643 3.47215 3.22647 0 -1
0 0 3.22852 0 -1
0 0 3.23056 0 -1
-2.51643 3.47215 3.23261 0 -1
0 0 3.23465 0 -1
-2.51643 3.47215 3.2367 0 -1
0 0 3.23874 0 -1
-2.51643 3.47215 3.24079 0 -1
0 0 3.24284 0 -1
-2.51643 3.47215 3.24488 0 -1
0 0 3.24693 0 -1
0 0 3.24897 0 -1
-2.51643 3.47215 3.25102 0 -1
0 0 3.25306 0 -1
-2.51643 3.47215 3.25511 0 -1
0 0 3.25715 0 -1
-2.51643 3.47215 3.2592 0 -1
0 0 3.26124 0 -1
0 0 3.26329 0 -1
-2.51643 3.47215 3.26533 0 -1
0 0 3.26738 0 -1
-2.51643 3.47215 3.26942 0 -1
0 0 3.27147 0 -1
-2.51643 3.47215 3.27351 0 -1
0 0 3.27556 0 -1
-2.51643 3.47215 3.27761 0 -1
0 0 3.27965 0 -1
0 0 3.2817 0 -1
-2.51643 3.47215 3.28374 0 -1
0 0 3.28579 0 -1
-2.51643 3.47215 3.28783 0 -1
0 0 3.28988 0 -1
-2.51643 3.47215 3.29192 0 -1
0 0 3.29397 0 -1
0 0 3.29601 0 -1
-2.51643 3.47215 3.29806 0 -1
0 0 3.3001 0 -1
-2.51643 3.47215 3.30215 0 -1
0 0 3.30419 0 -1
-2.51643 3.47215 3.30624 0 -1
0 0 3.30829 0 -1
0 0 3.31033 0 -1
-2.51643 3.47215 3.31238 0 -1
0 0 3.31442 0 -1
-2.51643 3.47215 3.31647 0 -1
0 0 3.31851 0 -1
-2.51643 3.47215 3.32056 0 -1
0 0 3.3226 0 -1
-2.51643 3.47215 3.32465 0 -1
0 0 3.32669 0 -1
0 0 3.32874 0 -1
-2.51643 3.47215 3.33078 0 -1
0 0 3.33283 0 -1
-2.51643 3.47215 3.33487 0 -1
0 0 3.33692 0 -1
-2.51643 3.47215 3.33896 0 -1
0 0 3.34101 0 -1
0 0 3.34306 0 -1
-2.51643 3.47215 3.3451 0 -1
0 0 3.34715 0 -1
-2.51643 3.47215 3.34919 0 -1
0 0 3.35124 0 -1
-2.51643 3.47215 3.35328 0 -1
0 0 3.35533 0 -1
-2.51643 3.47215 3.35737 0 -1
0 0 3.35942 0 -1
0 0 3.36146 0 -1
-2.51643 3.47215 3.36351 0 -1
0 0 3.36555 0 -1
-2.51643 3.47215 3.3676 0 -1
0 0 3.36964 0 -1
-2.51643 3.47215 3.37169 0 -1
0 0 3.37374 0 -1
0 0 3.37578 0 -1
-2.51643 3.47215 3.37783 0 -1
0 0 3.37987 0 -1
-2.51643 3.47215 3.38192 0 -1
0 0 3.38396 0 -1
-2.51643 3.47215 3.38601 0 -1
0 0 3.38805 0 -1
0 0 3.3901 0 -1
-2.51643 3.47215 3.39214 0 -1
0 0 3.39419 0 -1
-2.51643 3.47215 3.39623 0 -1
0 0 3.39828 0 -1
-2.51643 3.47215 3.40032 0 -1
0 0 3.40237 0 -1
-2.51643 3.47215 3.40441 0 -1
0 0 3.40646 0 -1
0 0 3.40851 0 -1
-2.51643 3.47215 3.41055 0 -1
0 0 3.4126 0 -1
-2.51643 3.47215 3.41464 0 -1
0 0 3.41669 0 -1
-2.51643 3.47215 3.41873 0 -1
0 0 3.42078 0 -1
0 0 3.42282 0 -1
-2.51643 3.47215 3.42487 0 -1
0 0 3.42691 0 -1
-2.51643 3.47215 3.42896 0 -1
0 0 3.431 0 -1
-2.51643 3.47215 3.43305 0 -1
0 0 3.43509 0 -1
0 0 3.43714 0 -1
-2.51643 3.47215 3.43918 0 -1
0 0 3.44123 0 -1
-2.51643 3.47215 3.44328 0 -1
0 0 3.44532 0 -1
-2.51643 3.47215 3.44737 0 -1
0 0 3.44941 0 -1
-2.51643 3.47215 3.45146 0 -1
0 0 3.4535 0 -1
0 0 3.45555 0 -1
-2.51643 3.47215 3.45759 0 -1
0 0 3.45964 0 -1
-2.51643 3.47215 3.46168 0 -1
0 0 3.46373 0 -1
-2.51643 3.47215 3.46577 0 -1
0 0 3.46782 0 -1
0 0 3.46986 0 -1
-2.51643 3.47215 3.47191 0 -1
0 0 3.47396 0 -1
-2.51643 3.47215 3.476 0 -1
0 0 3.47805 0 -1
-2.51643 3.47215 3.48009 0 -1
0 0 3.48214 0 -1
-2.51643 3.47215 3.48418 0 -1
0 0 3.48623 0 -1
0 0 3.48827 0 -1
-2.51643 3.47215 3.49032 0 -1
0 0 3.49236 0 -1
-2.51643 3.47215 3.49441 0 -1
0 0 3.49645 0 -1
-2.51643 3.47215 3.4985 0 -1
0 0 3.50054 0 -1
0 0 3.50259 0 -1
-2.51643 3.47215 3.50463 0 -1
0 0 3.50668 0 -1
-2.51643 3.47215 3.50873 0 -1
0 0 3.51077 0 -1
-2.51643 3.47215 3.51282 0 -1
0 0 3.51486 0 -1
0 0 3.51691 0 -1
-2.51643 3.47215 3.51895 0 -1
0 0 3.521 0 -1
-2.51643 3.47215 3.52304 0 -1
0 0 3.52509 0 -1
-2.51643 3.47215 3.52713 0 -1
0 0 3.52918 0 -1
-2.51643 3.47215 3.53122 0 -1
0 0 3.53327 0 -1
0 0 3.53531 0 -1
-2.51643 3.47215 3.53736 0 -1
0 0 3.53941 0 -1
-2.51643 3.47215 3.54145 0 -1
0 0 3.5435 0 -1
-2.51643 3.47215 3.54554 0 -1
0 0 3.54759 0 -1
0 0 3.54963 0 -1
-2.51643 3.47215 3.55168 0 -1
0 0 3.55372 0 -1
-2.51643 3.47215 3.55577 0 -1
0 0 3.55781 0 -1
-2.51643 3.47215 3.55986 0 -1
0 0 3.5619 0 -1
0 0 3.56395 0 -1
-2.51643 3.47215 3.56599 0 -1
0 0 3.56804 0 -1
-2.51643 3.47215 3.57008 0 -1
0 0 3.57213 0 -1
-2.51643 3.47215 3.57418 0 -1
0 0 3.57622 0 -1
-2.51643 3.47215 3.57827 0 -1
0 0 3.58031 0 -1
0 0 3.58236 0 -1
-2.51643 3.47215 3.5844 0 -1
0 0 3.58645 0 -1
-2.51643 3.47215 3.58849 0 -1
0 0 3.59054 0 -1
-2.51643 3.47215 3.59258 0 -1
0 0 3.59463 0 -1
0 0 3.59667 0 -1
-2.51643 3.47215 3.59872 0 -1
0 0 3.60076 0 -1
-2.51643 3.47215 3.60281 0 -1
0 0 3.60485 0 -1
-2.51643 3.47215 3.6069 0 -1
0 0 3.60895 0 -1
-2.51643 3.47215 3.61099 0 -1
0 0 3.61304 0 -1
0 0 3.61508 0 -1
-2.51643 3.47215 3.61713 0 -1
0 0 3.61917 0 -1
-2.51643 3.47215 3.62122 0 -1
0 0 3.62326 0 -1
-2.51643 3.47215 3.62531 0 -1
0 0 3.62735 0 -1
0 0 3.6294 0 -1
-2.51643 3.47215 3.63144 0 -1
0 0 3.63349 0 -1
-2.51643 3.47215 3.63553 0 -1
0 0 3.63758 0 -1
-2.51643 3.47215 3.63963 0 -1
0 0 3.64167 0 -1
0 0 3.64372 0 -1
-2.51643 3.47215 3.64576 0 -1
0 0 3.64781 0 -1
-2.51643 3.47215 3.64985 0 -1
0 0 3.6519 0 -1
-2.51643 3.47215 3.65394 0 -1
0 0 3.65599 0 -1
-2.51643 3.47215 3.65803 0 -1
0 0 3.66008 0 -1
0 0 3.66212 0 -1
-2.51643 3.47215 3.66417 0 -1
0 0 3.66621 0 -1
-2.51643 3.47215 3.66826 0 -1
0 0 3.6703 0 -1
-2.51643 3.47215 3.67235 0 -1
0 0 3.6744 0 -1
0 0 3.67644 0 -1
-2.51643 3.47215 3.67849 0 -1
0 0 3.68053 0 -1
-2.51643 3.47215 3.68258 0 -1
0 0 3.68462 0 -1
-2.51643 3.47215 3.68667 0 -1
0 0 3.68871 0 -1
-2.51643 3.47215 3.69076 0 -1
0 0 3.6928 0 -1
0 0 3.69485 0 -1
-2.51643 3.47215 3.69689 0 -1
0 0 3.69894 0 -1
-2.51643 3.47215 3.70098 0 -1
0 0 3.70303 0 -1
-2.51643 3.47215 3.70508 0 -1
0 0 3.70712 0 -1
0 0 3.70917 0 -1
-2.51643 3.47215 3.71121 0 -1
0 0 3.71326 0 -1
-2.51643 3.47215 3.7153 0 -1
0 0 3.71735 0 -1
-2.51643 3.47215 3.71939 0 -1
0 0 3.72144 0 -1
0 0 3.72348 0 -1
-2.51643 3.47215 3.72553 0 -1
0 0 3.72757 0 -1
-2.51643 3.47215 3.72962 0 -1
0 0 3.73166 0 -1
-2.51643 3.47215 3.73371 0 -1
0 0 3.73575 0 -1
-2.51643 3.47215 3.7378 0 -1
0 0 3.73985 0 -1
0 0 3.74189 0 -1
-2.51643 3.47215 3.74394 0 -1
0 0 3.74598 0 -1
-2.51643 3.47215 3.74803 0 -1
0 0 3.75007 0 -1
-2.51643 3.47215 3.75212 0 -1
0 0 3.75416 0 -1
0 0 3.75621 0 -1
-2.51643 3.47215 3.75825 0 -1
0 0 3.7603 0 -1
-2.51643 3.47215 3.76234 0 -1
0 0 3.76439 0 -1
-2.51643 3.47215 3.76643 0 -1
0 0 3.76848 0 -1
0 0 3.77052 0 -1
-2.51643 3.47215 3.77257 0 -1
0 0 3.77462 0 -1
-2.51643 3.47215 3.77666 0 -1
0 0 3.77871 0 -1
-2.51643 3.47215 3.78075 0 -1
0 0 3.7828 0 -1
-2.51643 3.47215 3.78484 0 -1
0 0 3.78689 0 -1
0 0 3.78893 0 -1
-2.51643 3.47215 3.79098 0 -1
0 0 3.79302 0 -1
-2.51643 3.47215 3.79507 0 -1
0 0 3.79711 0 -1
-2.51643 3.47215 3.79916 0 -1
0 0 3.8012 0 -1
0 0 3.80325 0 -1
-2.51643 3.47215 3.80529 0 -1
0 0 3.80734 0 -1
-2.51643 3.47215 3.80939 0 -1
0 0 3.81143 0 -1
-2.51643 3.47215 3.81348 0 -1
0 0 3.81552 0 -1
-2.51643 3.47215 3.81757 0 -1
0 0 3.81961 0 -1
0 0 3.82166 0 -1
-2.51643 3.47215 3.8237 0 -1
0 0 3.82575 0 -1
-2.51643 3.47215 3.82779 0 -1
3.47013 -4.742 3.82984 5.87609 10
-3.7461 -4.52716 3.83188 5.87609 10
3.40079 -4.74004 3.83393 5.83381 10
3.37849 -4.75596 3.83597 5.83381 10
-3.74022 -4.47707 3.83802 5.83381 10
3.30951 -4.7528 3.84007 5.79154 10
-3.73395 -4.42714 3.84211 5.79154 10
3.26471 -4.78368 3.84416 5.79154 10
-3.7547 -4.40955 3.8462 5.79154 10
3.19613 -4.779 3.84825 5.74927 10
3.17364 -4.79396 3.85029 5.74927 10
-3.74782 -4.35981 3.85234 5.74927 10
3.10547 -4.78809 3.85438 5.70699 10
-3.74055 -4.31023 3.85643 5.70699 10
3.06035 -4.81705 3.85847 5.70699 10
-3.76075 -4.29261 3.86052 5.70699 10
2.99263 -4.8097 3.86256 5.66472 10
-3.75286 -4.24323 3.86461 5.66472 10
2.92532 -4.8015 3.86665 5.62244 10
2.90273 -4.81519 3.8687 5.62244 10
-3.7446 -4.19403 3.87074 5.62244 10
2.85737 -4.84224 3.87279 5.62244 10
-3.76426 -4.17639 3.87484 5.62244 10
2.79061 -4.83226 3.87688 5.58017 10
-3.75538 -4.12739 3.87893 5.58017 10
2.7243 -4.82146 3.88097 5.5379 10
2.70162 -4.8342 3.88302 5.5379 10
-3.74613 -4.07858 3.88506 5.5379 10
2.65609 -4.85937 3.88711 5.5379 10
-3.76525 -4.06094 3.88915 5.5379 10
2.5904 -4.84682 3.8912 5.49562 10
-3.75539 -4.01234 3.89324 5.49562 10
2.52518 -4.83347 3.89529 5.45335 10
2.50245 -4.84528 3.89733 5.45335 10
-3.74517 -3.96393 3.89938 5.45335 10
2.45682 -4.86858 3.90142 5.45335 10
-3.76374 -3.94629 3.90347 5.45335 10
2.39228 -4.85352 3.90552 5.41107 10
-3.75292 -3.89812 3.90756 5.41107 10
2.32825 -4.83769 3.90961 5.3688 10
-3.74173 -3.85013 3.91165 5.3688 10
2.2827 -4.85935 3.9137 5.3688 10
2.25986 -4.87002 3.91574 5.3688 10
-3.75977 -3.83251 3.91779 5.3688 10
2.19657 -4.85252 3.91983 5.32653 10
-3.74798 -3.78477 3.92188 5.32653 10
2.15089 -4.87294 3.92392 5.32653 10
-3.76572 -3.76712 3.92597 5.32653 10
2.08831 -4.8541 3.92801 5.28425 10
2.06549 -4.86386 3.93006 5.28425 10
-3.75335 -3.71964 3.9321 5.28425 10
2.0197 -4.88304 3.93415 5.28425 10
-3.77078 -3.70197 3.93619 5.28425 10
1.95795 -4.86259 3.93824 5.24198 10
-3.75782 -3.65474 3.94029 5.24198 10
1.89677 -4.8414 3.94233 5.1997 10
-3.7445 -3.60772 3.94438 5.1997 10
1.8512 -4.85901 3.94642 5.1997 10
1.82836 -4.86765 3.94847 5.1997 10
-3.7614 -3.59009 3.95051 5.1997 10
1.76806 -4.8449 3.95256 5.15743 10
-3.74751 -3.54334 3.9546 5.15743 10
1.72246 -4.8613 3.95665 5.15743 10
-3.76411 -3.5257 3.95869 5.15743 10
1.69047 -4.91724 3.96074 5.1997 10
1.66735 -4.92512 3.96278 5.1997 10
-3.81162 -3.53673 3.96483 5.1997 10
1.63419 -4.98074 3.96687 5.24198 10
-3.85931 -3.5474 3.96892 5.24198 10
1.58733 -4.99587 3.97096 5.24198 10
-3.87593 -3.52923 3.97301 5.24198 10
1.55275 -5.05097 3.97506 5.28425 10
1.529 -5.05821 3.9771 5.28425 10
-3.92386 -3.5393 3.97915 5.28425 10
1.48142 -5.07235 3.98119 5.28425 10
-3.94044 -3.52083 3.98324 5.28425 10
1.44517 -5.12673 3.98528 5.32653 10
-3.98859 -3.5303 3.98733 5.32653 10
1.40804 -5.18087 3.98937 5.3688 10
-4.03691 -3.5394 3.99142 5.3688 10
1.37001 -5.23477 3.99346 5.41107 10
1.3454 -5.24115 3.99551 5.41107 10
-4.08541 -3.54812 3.99755 5.41107 10
1.29611 -5.25355 3.9996 5.41107 10
-4.10203 -3.52889 4.00164 5.41107 10
1.25644 -5.30663 4.00369 5.45335 10
-4.15074 -3.537 4.00574 5.45335 10
1.21588 -5.35943 4.00778 5.49562 10
1.1907 -5.36508 4.00983 5.49562 10
-4.19961 -3.54473 4.01187 5.49562 10
1.14024 -5.37603 4.01392 5.49562 10
-4.21622 -3.52497 4.01596 5.49562 10
1.09807 -5.42794 4.01801 5.5379 10
-4.26528 -3.53209 4.02005 5.5379 10
1.05503 -5.47953 4.0221 5.58017 10
-4.31452 -3.53882 4.02414 5.58017 10
1.01111 -5.53078 4.02619 5.62244 10
0.985117 -5.53547 4.02823 5.62244 10
-4.3639 -3.54517 4.03028 5.62244 10
0.940087 -5.58617 4.03232 5.66472 10
-4.41344 -3.55114 4.03437 5.66472 10
0.887571 -5.59475 4.03641 5.66472 10
-4.43007 -3.53037 4.03846 5.66472 10
0.841203 -5.64466 4.04051 5.70699 10
0.814682 -5.64854 4.04255 5.70699 10
-4.47979 -3.53571 4.0446 5.70699 10
0.767222 -5.69784 4.04664 5.74927 10
-4.52965 -3.54066 4.04869 5.74927 10
0.718913 -5.74675 4.05073 5.79154 10
-4.57966 -3.54522 4.05278 5.79154 10
0.669746 -5.79524 4.05482 5.83381 10
0.64252 -5.79832 4.05687 5.83381 10
-4.62981 -3.54939 4.05891 5.83381 10
0.59228 -5.84616 4.06096 5.87609 10
-4.68011 -3.55317 4.063 5.87609 10
0.537332 -5.85147 4.06505 5.87609 10
-4.69674 -3.53115 4.06709 5.87609 10
0.485812 -5.89839 4.06914 5.91836 10
-4.74719 -3.53429 4.07119 5.91836 10
0.433453 -5.94485 4.07323 5.96064 10
0.405526 -5.94682 4.07528 5.96064 10
-4.79776 -3.53704 4.07732 5.96064 10
0.35212 -5.99257 4.07937 6.00291 10
-4.84847 -3.53939 4.08141 6.00291 10
0.297896 -6.03784 4.08346 6.04518 10
-4.8993 -3.54134 4.0855 6.04518 10
0.242847 -6.08261 4.08755 6.08746 10
0.214276 -6.08368 4.08959 6.08746 10
-4.95026 -3.54289 4.09164 6.08746 10
0.158204 -6.12769 4.09368 6.12973 10
-5.00133 -3.54405 4.09573 6.12973 10
0.10133 -6.17117 4.09777 6.17201 10
-5.05253 -3.54479 4.09982 6.17201 10
0.0436473 -6.21413 4.10186 6.21428 10
0.0144601 -6.21426 4.10391 6.21428 10
-5.10385 -3.54514 4.10596 6.21428 10
-0.0442193 -6.2564 4.108 6.25655 10
-5.15528 -3.54508 4.11005 6.25655 10
-0.103689 -6.29797 4.11209 6.29883 10
-5.20682 -3.54461 4.11414 6.29883 10
-0.163938 -6.33898 4.11618 6.3411 10
-5.25846 -3.54374 4.11823 6.3411 10
-0.224972 -6.37941 4.12027 6.38338 10
-0.254932 -6.37828 4.12232 6.38338 10
-5.31022 -3.54247 4.12436 6.38338 10
-0.316927 -6.41783 4.12641 6.42565 10
-5.36207 -3.54078 4.12845 6.42565 10
-0.379681 -6.45677 4.1305 6.46792 10
-5.41403 -3.53868 4.13254 6.46792 10
-0.446078 -6.53727 4.13459 6.55247 10
-0.476778 -6.5351 4.13663 6.55247 10
-5.50158 -3.55914 4.13868 6.55247 10
-0.541623 -6.57247 4.14073 6.59475 10
-5.55384 -3.55605 4.14277 6.59475 10
-0.607205 -6.60919 4.14482 6.63702 10
-5.60619 -3.55255 4.14686 6.63702 10
-0.673531 -6.64525 4.14891 6.67929 10
-5.65863 -3.54864 4.15095 6.67929 10
-0.740588 -6.68064 4.153 6.72157 10
-0.771958 -6.67709 4.15504 6.72157 10
-5.71116 -3.54431 4.15709 6.72157 10
-0.845144 -6.75344 4.15913 6.80612 10
-5.79979 -3.56169 4.16118 6.80612 10
-0.914195 -6.7871 4.16322 6.84839 10
-5.85258 -3.55636 4.16527 6.84839 10
-0.983953 -6.82005 4.16731 6.89066 10
-1.01597 -6.81535 4.16936 6.89066 10
-5.90545 -3.55062 4.17141 6.89066 10
-1.08658 -6.84726 4.17345 6.93294 10
-5.95839 -3.54445 4.1755 6.93294 10
-1.16489 -6.92013 4.17754 7.01749 10
-6.04784 -3.55931 4.17959 7.01749 10
-1.23726 -6.9505 4.18163 7.05976 10
-1.26989 -6.94461 4.18368 7.05976 10
-6.10103 -3.55213 4.18572 7.05976 10
-1.35106 -7.0154 4.18777 7.14431 10
-6.19091 -3.56563 4.18981 7.14431 10
-1.42529 -7.04383 4.19186 7.18658 10
-6.24432 -3.55744 4.1939 7.18658 10
-1.50017 -7.07148 4.19595 7.22886 10
-6.29779 -3.54883 4.19799 7.22886 10
-1.58486 -7.13961 4.20004 7.3134 10
-1.61838 -7.13209 4.20208 7.3134 10
-6.38825 -3.56036 4.20413 7.3134 10
-1.69504 -7.15771 4.20618 7.35568 10
-6.44192 -3.55072 4.20822 7.35568 10
-1.78246 -7.22356 4.21027 7.44023 10
-6.53276 -3.56089 4.21231 7.44023 10
-1.87127 -7.28838 4.21436 7.52477 10
-1.90549 -7.27952 4.2164 7.52477 10
-6.62384 -3.57028 4.21845 7.52477 10
-1.98488 -7.30209 4.22049 7.56705 10
-6.67785 -3.55901 4.22254 7.56705 10
-2.07632 -7.36449 4.22458 7.6516 10
-6.76929 -3.56702 4.22663 7.6516 10
-2.15727 -7.38524 4.22867 7.69387 10
-2.19194 -7.37503 4.23072 7.69387 10
-6.82346 -3.55472 4.23276 7.69387 10
-2.28597 -7.43493 4.23481 7.77842 10
-6.91525 -3.56134 4.23686 7.77842 10
-2.38132 -7.4937 4.2389 7.86297 10
-7.00725 -3.56717 4.24095 7.86297 10
-2.47797 -7.55133 4.24299 7.94751 10
-7.09945 -3.57222 4.24504 7.94751 10
-2.57591 -7.6078 4.24708 8.03206 10
-2.61162 -7.59562 4.24913 8.03206 10
-7.19185 -3.57648 4.25117 8.03206 10
-2.69698 -7.6106 4.25322 8.07434 10
-7.24652 -3.56131 4.25526 8.07434 10
-2.79735 -7.66435 4.25731 8.15889 10
-7.33922 -3.56417 4.25935 8.15889 10
-2.89896 -7.71688 4.2614 8.24343 10
-2.93517 -7.70318 4.26344 8.24343 10
-7.43211 -3.56623 4.26549 8.24343 10
-3.03825 -7.75399 4.26753 8.32798 10
-7.52517 -3.5675 4.26958 8.32798 10
-3.14254 -7.80353 4.27163 8.41253 10
-7.61841 -3.56798 4.27367 8.41253 10
-3.24803 -7.85179 4.27572 8.49708 10
-7.71183 -3.56765 4.27776 8.49708 10
-3.3547 -7.89876 4.27981 8.58163 10
-3.39177 -7.88291 4.28185 8.58163 10
-7.8054 -3.56653 4.2839 8.58163 10
-3.51688 -7.96672 4.28594 8.70845 10
-7.93766 -3.58199 4.28799 8.70845 10
-3.62644 -8.01036 4.29003 8.793 10
-8.03163 -3.57908 4.29208 8.793 10
-3.73712 -8.05263 4.29412 8.87755 10
-3.77491 -8.03499 4.29617 8.87755 10
-8.12574 -3.57537 4.29821 8.87755 10
-3.88689 -8.07535 4.30026 8.9621 10
-8.21999 -3.57085 4.3023 8.9621 10
0 0 4.30435 0 -1
-2.51643 3.47215 4.3064 0 -1
0 0 4.30844 0 -1
0 0 4.31049 0 -1
-2.51643 3.47215 4.31253 0 -1
0 0 4.31458 0 -1
-2.51643 3.47215 4.31662 0 -1
0 0 4.31867 0 -1
-2.51643 3.47215 4.32071 0 -1
0 0 4.32276 0 -1
-2.51643 3.47215 4.3248 0 -1
0 0 4.32685 0 -1
0 0 4.32889 0 -1
-2.51643 3.47215 4.33094 0 -1
0 0 4.33298 0 -1
-2.51643 3.47215 4.33503 0 -1
0 0 4.33708 0 -1
-2.51643 3.47215 4.33912 0 -1
0 0 4.34117 0 -1
0 0 4.34321 0 -1
-2.51643 3.47215 4.34526 0 -1
0 0 4.3473 0 -1
-2.51643 3.47215 4.34935 0 -1
0 0 4.35139 0 -1
-2.51643 3.47215 4.35344 0 -1
0 0 4.35548 0 -1
-2.51643 3.47215 4.35753 0 -1
0 0 4.35957 0 -1
0 0 4.36162 0 -1
-2.51643 3.47215 4.36366 0 -1
0 0 4.36571 0 -1
-2.51643 3.47215 4.36775 0 -1
0 0 4.3698 0 -1
-2.51643 3.47215 4.37185 0 -1
0 0 4.37389 0 -1
0 0 4.37594 0 -1
-2.51643 3.47215 4.37798 0 -1
0 0 4.38003 0 -1
-2.51643 3.47215 4.38207 0 -1
0 0 4.38412 0 -1
-2.51643 3.47215 4.38616 0 -1
0 0 4.38821 0 -1
0 0 4.39025 0 -1
-2.51643 3.47215 4.3923 0 -1
0 0 4.39434 0 -1
-2.51643 3.47215 4.39639 0 -1
0 0 4.39843 0 -1
-2.51643 3.47215 4.40048 0 -1
0 0 4.40252 0 -1
-2.51643 3.47215 4.40457 0 -1
0 0 4.40662 0 -1
0 0 4.40866 0 -1
-2.51643 3.47215 4.41071 0 -1
0 0 4.41275 0 -1
-2.51643 3.47215 4.4148 0 -1
0 0 4.41684 0 -1
-2.51643 3.47215 4.41889 0 -1
0 0 4.42093 0 -1
0 0 4.42298 0 -1
-2.51643 3.47215 4.42502 0 -1
0 0 4.42707 0 -1
-2.51643 3.47215 4.42911 0 -1
0 0 4.43116 0 -1
-2.51643 3.47215 4.4332 0 -1
0 0 4.43525 0 -1
0 0 4.43729 0 -1
-2.51643 3.47215 4.43934 0 -1
0 0 4.44139 0 -1
-2.51643 3.47215 4.44343 0 -1
0 0 4.44548 0 -1
-2.51643 3.47215 4.44752 0 -1
0 0 4.44957 0 -1
-2.51643 3.47215 4.45161 0 -1
0 0 4.45366 0 -1
0 0 4.4557 0 -1
-2.51643 3.47215 4.45775 0 -1
0 0 4.45979 0 -1
-2.51643 3.47215 4.46184 0 -1
0 0 4.46388 0 -1
-2.51643 3.47215 4.46593 0 -1
0 0 4.46797 0 -1
0 0 4.47002 0 -1
-2.51643 3.47215 4.47207 0 -1
0 0 4.47411 0 -1
-2.51643 3.47215 4.47616 0 -1
0 0 4.4782 0 -1
-2.51643 3.47215 4.48025 0 -1
0 0 4.48229 0 -1
-2.51643 3.47215 4.48434 0 -1
0 0 4.48638 0 -1
0 0 4.48843 0 -1
-2.51643 3.47215 4.49047 0 -1
0 0 4.49252 0 -1
-2.51643 3.47215 4.49456 0 -1
0 0 4.49661 0 -1
-2.51643 3.47215 4.49865 0 -1
0 0 4.5007 0 -1
0 0 4.50275 0 -1
-2.51643 3.47215 4.50479 0 -1
0 0 4.50684 0 -1
-2.51643 3.47215 4.50888 0 -1
0 0 4.51093 0 -1
-2.51643 3.47215 4.51297 0 -1
0 0 4.51502 0 -1
0 0 4.51706 0 -1
-2.51643 3.47215 4.51911 0 -1
0 0 4.52115 0 -1
-2.51643 3.47215 4.5232 0 -1
0 0 4.52524 0 -1
-2.51643 3.47215 4.52729 0 -1
0 0 4.52933 0 -1
-2.51643 3.47215 4.53138 0 -1
0 0 4.53342 0 -1
0 0 4.53547 0 -1
-2.51643 3.47215 4.53752 0 -1
0 0 4.53956 0 -1
-2.51643 3.47215 4.54161 0 -1
0 0 4.54365 0 -1
-2.51643 3.47215 4.5457 0 -1
0 0 4.54774 0 -1
0 0 4.54979 0 -1
-2.51643 3.47215 4.55183 0 -1
0 0 4.55388 0 -1
-2.51643 3.47215 4.55592 0 -1
0 0 4.55797 0 -1
-2.51643 3.47215 4.56001 0 -1
0 0 4.56206 0 -1
0 0 4.5641 0 -1
-2.51643 3.47215 4.56615 0 -1
0 0 4.56819 0 -1
-2.51643 3.47215 4.57024 0 -1
0 0 4.57229 0 -1
-2.51643 3.47215 4.57433 0 -1
0 0 4.57638 0 -1
-2.51643 3.47215 4.57842 0 -1
0 0 4.58047 0 -1
0 0 4.58251 0 -1
-2.51643 3.47215 4.58456 0 -1
0 0 4.5866 0 -1
-2.51643 3.47215 4.58865 0 -1
0 0 4.59069 0 -1
-2.51643 3.47215 4.59274 0 -1
0 0 4.59478 0 -1
0 0 4.59683 0 -1
-2.51643 3.47215 4.59887 0 -1
0 0 4.60092 0 -1
-2.51643 3.47215 4.60296 0 -1
0 0 4.60501 0 -1
-2.51643 3.47215 4.60706 0 -1
0 0 4.6091 0 -1
-2.51643 3.47215 4.61115 0 -1
0 0 4.61319 0 -1
0 0 4.61524 0 -1
-2.51643 3.47215 4.61728 0 -1
0 0 4.61933 0 -1
-2.51643 3.47215 4.62137 0 -1
0 0 4.62342 0 -1
-2.51643 3.47215 4.62546 0 -1
0 0 4.62751 0 -1
0 0 4.62955 0 -1
-2.51643 3.47215 4.6316 0 -1
0 0 4.63364 0 -1
-2.51643 3.47215 4.63569 0 -1
0 0 4.63774 0 -1
-2.51643 3.47215 4.63978 0 -1
0 0 4.64183 0 -1
0 0 4.64387 0 -1
-2.51643 3.47215 4.64592 0 -1
0 0 4.64796 0 -1
-2.51643 3.47215 4.65001 0 -1
0 0 4.65205 0 -1
-2.51643 3.47215 4.6541 0 -1
0 0 4.65614 0 -1
-2.51643 3.47215 4.65819 0 -1
0 0 4.66023 0 -1
0 0 4.66228 0 -1
-2.51643 3.47215 4.66432 0 -1
0 0 4.66637 0 -1
-2.51643 3.47215 4.66842 0 -1
0 0 4.67046 0 -1
-2.51643 3.47215 4.67251 0 -1
0 0 4.67455 0 -1
0 0 4.6766 0 -1
-2.51643 3.47215 4.67864 0 -1
0 0 4.68069 0 -1
-2.51643 3.47215 4.68273 0 -1
0 0 4.68478 0 -1
-2.51643 3.47215 4.68682 0 -1
0 0 4.68887 0 -1
-2.51643 3.47215 4.69091 0 -1
0 0 4.69296 0 -1
0 0 4.695 0 -1
-2.51643 3.47215 4.69705 0 -1
0 0 4.69909 0 -1
-2.51643 3.47215 4.70114 0 -1
0 0 4.70319 0 -1
-2.51643 3.47215 4.70523 0 -1
0 0 4.70728 0 -1
0 0 4.70932 0 -1
-2.51643 3.47215 4.71137 0 -1
0 0 4.71341 0 -1
-2.51643 3.47215 4.71546 0 -1
0 0 4.7175 0 -1
-2.51643 3.47215 4.71955 0 -1
0 0 4.72159 0 -1
0 0 4.72364 0 -1
-2.51643 3.47215 4.72568 0 -1
0 0 4.72773 0 -1
-2.51643 3.47215 4.72977 0 -1
0 0 4.73182 0 -1
-2.51643 3.47215 4.73386 0 -1
0 0 4.73591 0 -1
-2.51643 3.47215 4.73796 0 -1
0 0 4.74 0 -1
0 0 4.74205 0 -1
-2.51643 3.47215 4.74409 0 -1
0 0 4.74614 0 -1
-2.51643 3.47215 4.74818 0 -1
0 0 4.75023 0 -1
-2.51643 3.47215 4.75227 0 -1
0 0 4.75432 0 -1
0 0 4.75636 0 -1
-2.51643 3.47215 4.75841 0 -1
0 0 4.76045 0 -1
-2.51643 3.47215 4.7625 0 -1
0 0 4.76454 0 -1
-2.51643 3.47215 4.76659 0 -1
0 0 4.76863 0 -1
0 0 4.77068 0 -1
-2.51643 3.47215 4.77273 0 -1
0 0 4.77477 0 -1
-2.51643 3.47215 4.77682 0 -1
0 0 4.77886 0 -1
-2.51643 3.47215 4.78091 0 -1
0 0 4.78295 0 -1
-2.51643 3.47215 4.785 0 -1
0 0 4.78704 0 -1
0 0 4.78909 0 -1
-2.51643 3.47215 4.79113 0 -1
0 0 4.79318 0 -1
-2.51643 3.47215 4.79522 0 -1
0 0 4.79727 0 -1
-2.51643 3.47215 4.79931 0 -1
0 0 4.80136 0 -1
0 0 4.80341 0 -1
-2.51643 3.47215 4.80545 0 -1
0 0 4.8075 0 -1
-2.51643 3.47215 4.80954 0 -1
0 0 4.81159 0 -1
-2.51643 3.47215 4.81363 0 -1
0 0 4.81568 0 -1
-2.51643 3.47215 4.81772 0 -1
0 0 4.81977 0 -1
0 0 4.82181 0 -1
-2.51643 3.47215 4.82386 0 -1
0 0 4.8259 0 -1
-2.51643 3.47215 4.82795 0 -1
0 0 4.82999 0 -1
-2.51643 3.47215 4.83204 0 -1
0 0 4.83408 0 -1
0 0 4.83613 0 -1
-2.51643 3.47215 4.83818 0 -1
0 0 4.84022 0 -1
-2.51643 3.47215 4.84227 0 -1
0 0 4.84431 0 -1
-2.51643 3.47215 4.84636 0 -1
0 0 4.8484 0 -1
0 0 4.85045 0 -1
-2.51643 3.47215 4.85249 0 -1
0 0 4.85454 0 -1
-2.51643 3.47215 4.85658 0 -1
0 0 4.85863 0 -1
-2.51643 3.47215 4.86067 0 -1
0 0 4.86272 0 -1
-2.51643 3.47215 4.86476 0 -1
0 0 4.86681 0 -1
0 0 4.86885 0 -1
-2.51643 3.47215 4.8709 0 -1
0 0 4.87295 0 -1
-2.51643 3.47215 4.87499 0 -1
0 0 4.87704 0 -1
-2.51643 3.47215 4.87908 0 -1
0 0 4.88113 0 -1
0 0 4.88317 0 -1
-2.51643 3.47215 4.88522 0 -1
0 0 4.88726 0 -1
-2.51643 3.47215 4.88931 0 -1
0 0 4.89135 0 -1
-2.51643 3.47215 4.8934 0 -1
0 0 4.89544 0 -1
0 0 4.89749 0 -1
-2.51643 3.47215 4.89953 0 -1
0 0 4.90158 0 -1
-2.51643 3.47215 4.90363 0 -1
0 0 4.90567 0 -1
-2.51643 3.47215 4.90772 0 -1
0 0 4.90976 0 -1
-2.51643 3.47215 4.91181 0 -1
0 0 4.91385 0 -1
0 0 4.9159 0 -1
-2.51643 3.47215 4.91794 0 -1
0 0 4.91999 0 -1
-2.51643 3.47215 4.92203 0 -1
0 0 4.92408 0 -1
-2.51643 3.47215 4.92612 0 -1
0 0 4.92817 0 -1
0 0 4.93021 0 -1
-2.51643 3.47215 4.93226 0 -1
0 0 4.9343 0 -1
-2.51643 3.47215 4.93635 0 -1
0 0 4.9384 0 -1
-2.51643 3.47215 4.94044 0 -1
0 0 4.94249 0 -1
-2.51643 3.47215 4.94453 0 -1
0 0 4.94658 0 -1
0 0 4.94862 0 -1
-2.51643 3.47215 4.95067 0 -1
0 0 4.95271 0 -1
-2.51643 3.47215 4.95476 0 -1
0 0 4.9568 0 -1
-2.51643 3.47215 4.95885 0 -1
0 0 4.96089 0 -1
0 0 4.96294 0 -1
-2.51643 3.47215 4.96498 0 -1
0 0 4.96703 0 -1
-2.51643 3.47215 4.96908 0 -1
0 0 4.97112 0 -1
-2.51643 3.47215 4.97317 0 -1
0 0 4.97521 0 -1
0 0 4.97726 0 -1
-2.51643 3.47215 4.9793 0 -1
0 0 4.98135 0 -1
-2.51643 3.47215 4.98339 0 -1
0 0 4.98544 0 -1
-2.51643 3.47215 4.98748 0 -1
0 0 4.98953 0 -1
-2.51643 3.47215 4.99157 0 -1
0 0 4.99362 0 -1
0 0 4.99566 0 -1
-2.51643 3.47215 4.99771 0 -1
0 0 4.99975 0 -1
-2.51643 3.47215 5.0018 0 -1
0 0 5.00385 0 -1
-2.51643 3.47215 5.00589 0 -1
0 0 5.00794 0 -1
0 0 5.00998 0 -1
-2.51643 3.47215 5.01203 0 -1
0 0 5.01407 0 -1
-2.51643 3.47215 5.01612 0 -1
0 0 5.01816 0 -1
-2.51643 3.47215 5.02021 0 -1
0 0 5.02225 0 -1
-2.51643 3.47215 5.0243 0 -1
0 0 5.02634 0 -1
0 0 5.02839 0 -1
-2.51643 3.47215 5.03043 0 -1
0 0 5.03248 0 -1
-2.51643 3.47215 5.03452 0 -1
0 0 5.03657 0 -1
-2.51643 3.47215 5.03862 0 -1
0 0 5.04066 0 -1
0 0 5.04271 0 -1
-2.51643 3.47215 5.04475 0 -1
0 0 5.0468 0 -1
-2.51643 3.47215 5.04884 0 -1
0 0 5.05089 0 -1
-2.51643 3.47215 5.05293 0 -1
0 0 5.05498 0 -1
0 0 5.05702 0 -1
-2.51643 3.47215 5.05907 0 -1
0 0 5.06111 0 -1
-2.51643 3.47215 5.06316 0 -1
0 0 5.0652 0 -1
-2.51643 3.47215 5.06725 0 -1
0 0 5.0693 0 -1
-2.51643 3.47215 5.07134 0 -1
0 0 5.07339 0 -1
0 0 5.07543 0 -1
-2.51643 3.47215 5.07748 0 -1
0 0 5.07952 0 -1
-2.51643 3.47215 5.08157 0 -1
0 0 5.08361 0 -1
-2.51643 3.47215 5.08566 0 -1
0 0 5.0877 0 -1
0 0 5.08975 0 -1
-2.51643 3.47215 5.09179 0 -1
0 0 5.09384 0 -1
-2.51643 3.47215 5.09588 0 -1
0 0 5.09793 0 -1
-2.51643 3.47215 5.09997 0 -1
0 0 5.10202 0 -1
0 0 5.10407 0 -1
-2.51643 3.47215 5.10611 0 -1
0 0 5.10816 0 -1
-2.51643 3.47215 5.1102 0 -1
0 0 5.11225 0 -1
-2.51643 3.47215 5.11429 0 -1
0 0 5.11634 0 -1
-2.51643 3.47215 5.11838 0 -1
0 0 5.12043 0 -1
0 0 5.12247 0 -1
-2.51643 3.47215 5.12452 0 -1
0 0 5.12656 0 -1
-2.51643 3.47215 5.12861 0 -1
0 0 5.13065 0 -1
-2.51643 3.47215 5.1327 0 -1
0 0 5.13475 0 -1
0 0 5.13679 0 -1
-2.51643 3.47215 5.13884 0 -1
0 0 5.14088 0 -1
-2.51643 3.47215 5.14293 0 -1
0 0 5.14497 0 -1
-2.51643 3.47215 5.14702 0 -1
0 0 5.14906 0 -1
-2.51643 3.47215 5.15111 0 -1
0 0 5.15315 0 -1
0 0 5.1552 0 -1
-2.51643 3.47215 5.15724 0 -1
0 0 5.15929 0 -1
-2.51643 3.47215 5.16133 0 -1
0 0 5.16338 0 -1
-2.51643 3.47215 5.16542 0 -1
0 0 5.16747 0 -1
0 0 5.16952 0 -1
-2.51643 3.47215 5.17156 0 -1
0 0 5.17361 0 -1
-2.51643 3.47215 5.17565 0 -1
0 0 5.1777 0 -1
-2.51643 3.47215 5.17974 0 -1
0 0 5.18179 0 -1
0 0 5.18383 0 -1
-2.51643 3.47215 5.18588 0 -1
0 0 5.18792 0 -1
-2.51643 3.47215 5.18997 0 -1
0 0 5.19201 0 -1
-2.51643 3.47215 5.19406 0 -1
0 0 5.1961 0 -1
-2.51643 3.47215 5.19815 0 -1
0 0 5.20019 0 -1
0 0 5.20224 0 -1
-2.51643 3.47215 5.20429 0 -1
0 0 5.20633 0 -1
-2.51643 3.47215 5.20838 0 -1
0 0 5.21042 0 -1
-2.51643 3.47215 5.21247 0 -1
0 0 5.21451 0 -1
0 0 5.21656 0 -1
-2.51643 3.47215 5.2186 0 -1
0 0 5.22065 0 -1
-2.51643 3.47215 5.22269 0 -1
0 0 5.22474 0 -1
-2.51643 3.47215 5.22678 0 -1
0 0 5.22883 0 -1
0 0 5.23087 0 -1
-2.51643 3.47215 5.23292 0 -1
0 0 5.23497 0 -1
-2.51643 3.47215 5.23701 0 -1
0 0 5.23906 0 -1
-2.51643 3.47215 5.2411 0 -1
0 0 5.24315 0 -1
-2.51643 3.47215 5.24519 0 -1
0 0 5.24724 0 -1
0 0 5.24928 0 -1
-2.51643 3.47215 5.25133 0 -1
0 0 5.25337 0 -1
-2.51643 3.47215 5.25542 0 -1
0 0 5.25746 0 -1
-2.51643 3.47215 5.25951 0 -1
0 0 5.26155 0 -1
0 0 5.2636 0 -1
-2.51643 3.47215 5.26564 0 -1
0 0 5.26769 0 -1
-2.51643 3.47215 5.26974 0 -1
0 0 5.27178 0 -1
-2.51643 3.47215 5.27383 0 -1
0 0 5.27587 0 -1
-2.51643 3.47215 5.27792 0 -1
0 0 5.27996 0 -1
0 0 5.28201 0 -1
-2.51643 3.47215 5.28405 0 -1
0 0 5.2861 0 -1
-2.51643 3.47215 5.28814 0 -1
0 0 5.29019 0 -1
-2.51643 3.47215 5.29223 0 -1
0 0 5.29428 0 -1
0 0 5.29632 0 -1
-2.51643 3.47215 5.29837 0 -1
0 0 5.30042 0 -1
-2.51643 3.47215 5.30246 0 -1
0 0 5.30451 0 -1
-2.51643 3.47215 5.30655 0 -1
0 0 5.3086 0 -1
0 0 5.31064 0 -1
-2.51643 3.47215 5.31269 0 -1
0 0 5.31473 0 -1
-2.51643 3.47215 5.31678 0 -1
0 0 5.31882 0 -1
-2.51643 3.47215 5.32087 0 -1
0 0 5.32291 0 -1
-2.51643 3.47215 5.32496 0 -1
0 0 5.327 0 -1
0 0 5.32905 0 -1
-2.51643 3.47215 5.33109 0 -1
0 0 5.33314 0 -1
-2.51643 3.47215 5.33519 0 -1
0 0 5.33723 0 -1
-2.51643 3.47215 5.33928 0 -1
0 0 5.34132 0 -1
0 0 5.34337 0 -1
-2.51643 3.47215 5.34541 0 -1
0 0 5.34746 0 -1
-2.51643 3.47215 5.3495 0 -1
0 0 5.35155 0 -1
-2.51643 3.47215 5.35359 0 -1
0 0 5.35564 0 -1
0 0 5.35768 0 -1
-2.51643 3.47215 5.35973 0 -1
0 0 5.36177 0 -1
-2.51643 3.47215 5.36382 0 -1
0 0 5.36586 0 -1
-2.51643 3.47215 5.36791 0 -1
0 0 5.36996 0 -1
-2.51643 3.47215 5.372 0 -1
0 0 5.37405 0 -1
0 0 5.37609 0 -1
-2.51643 3.47215 5.37814 0 -1
0 0 5.38018 0 -1
-2.51643 3.47215 5.38223 0 -1
0 0 5.38427 0 -1
-2.51643 3.47215 5.38632 0 -1
0 0 5.38836 0 -1
0 0 5.39041 0 -1
-2.51643 3.47215 5.39245 0 -1
0 0 5.3945 0 -1
-2.51643 3.47215 5.39654 0 -1
0 0 5.39859 0 -1
-2.51643 3.47215 5.40064 0 -1
0 0 5.40268 0 -1
-2.51643 3.47215 5.40473 0 -1
0 0 5.40677 0 -1
0 0 5.40882 0 -1
-2.51643 3.47215 5.41086 0 -1
0 0 5.41291 0 -1
-2.51643 3.47215 5.41495 0 -1
0 0 5.417 0 -1
-2.51643 3.47215 5.41904 0 -1
0 0 5.42109 0 -1
0 0 5.42313 0 -1
-2.51643 3.47215 5.42518 0 -1
0 0 5.42722 0 -1
-2.51643 3.47215 5.42927 0 -1
0 0 5.43131 0 -1
-2.51643 3.47215 5.43336 0 -1
0 0 5.43541 0 -1
0 0 5.43745 0 -1
-2.51643 3.47215 5.4395 0 -1
0 0 5.44154 0 -1
-2.51643 3.47215 5.44359 0 -1
0 0 5.44563 0 -1
-2.51643 3.47215 5.44768 0 -1
0 0 5.44972 0 -1
-2.51643 3.47215 5.45177 0 -1
0 0 5.45381 0 -1
0 0 5.45586 0 -1
-2.51643 3.47215 5.4579 0 -1
0 0 5.45995 0 -1
-2.51643 3.47215 5.46199 0 -1
0 0 5.46404 0 -1
-2.51643 3.47215 5.46608 0 -1
0 0 5.46813 0 -1
0 0 5.47018 0 -1
-2.51643 3.47215 5.47222 0 -1
0 0 5.47427 0 -1
-2.51643 3.47215 5.47631 0 -1
0 0 5.47836 0 -1
-2.51643 3.47215 5.4804 0 -1
0 0 5.48245 0 -1
-2.51643 3.47215 5.48449 0 -1
0 0 5.48654 0 -1
0 0 5.48858 0 -1
-2.51643 3.47215 5.49063 0 -1
0 0 5.49267 0 -1
-2.51643 3.47215 5.49472 0 -1
0 0 5.49676 0 -1
-2.51643 3.47215 5.49881 0 -1
0 0 5.50085 0 -1
0 0 5.5029 0 -1
-2.51643 3.47215 5.50495 0 -1
0 0 5.50699 0 -1
-2.51643 3.47215 5.50904 0 -1
0 0 5.51108 0 -1
-2.51643 3.47215 5.51313 0 -1
0 0 5.51517 0 -1
0 0 5.51722 0 -1
-2.51643 3.47215 5.51926 0 -1
0 0 5.52131 0 -1
-2.51643 3.47215 5.52335 0 -1
0 0 5.5254 0 -1
-2.51643 3.47215 5.52744 0 -1
0 0 5.52949 0 -1
-2.51643 3.47215 5.53153 0 -1
0 0 5.53358 0 -1
0 0 5.53563 0 -1
-2.51643 3.47215 5.53767 0 -1
0 0 5.53972 0 -1
-2.51643 3.47215 5.54176 0 -1
0 0 5.54381 0 -1
-2.51643 3.47215 5.54585 0 -1
0 0 5.5479 0 -1
0 0 5.54994 0 -1
-2.51643 3.47215 5.55199 0 -1
0 0 5.55403 0 -1
-2.51643 3.47215 5.55608 0 -1
0 0 5.55812 0 -1
-2.51643 3.47215 5.56017 0 -1
0 0 5.56221 0 -1
0 0 5.56426 0 -1
-2.51643 3.47215 5.56631 0 -1
0 0 5.56835 0 -1
-2.51643 3.47215 5.5704 0 -1
0 0 5.57244 0 -1
-2.51643 3.47215 5.57449 0 -1
0 0 5.57653 0 -1
-2.51643 3.47215 5.57858 0 -1
0 0 5.58062 0 -1
0 0 5.58267 0 -1
-2.51643 3.47215 5.58471 0 -1
0 0 5.58676 0 -1
-2.51643 3.47215 5.5888 0 -1
0 0 5.59085 0 -1
-2.51643 3.47215 5.59289 0 -1
0 0 5.59494 0 -1
0 0 5.59698 0 -1
-2.51643 3.47215 5.59903 0 -1
0 0 5.60108 0 -1
-2.51643 3.47215 5.60312 0 -1
0 0 5.60517 0 -1
-2.51643 3.47215 5.60721 0 -1
0 0 5.60926 0 -1
-2.51643 3.47215 5.6113 0 -1
0 0 5.61335 0 -1
0 0 5.61539 0 -1
-2.51643 3.47215 5.61744 0 -1
0 0 5.61948 0 -1
-2.51643 3.47215 5.62153 0 -1
0 0 5.62357 0 -1
-2.51643 3.47215 5.62562 0 -1
0 0 5.62766 0 -1
0 0 5.62971 0 -1
-2.51643 3.47215 5.63175 0 -1
0 0 5.6338 0 -1
-2.51643 3.47215 5.63585 0 -1
0 0 5.63789 0 -1
-2.51643 3.47215 5.63994 0 -1
0 0 5.64198 0 -1
0 0 5.64403 0 -1
-2.51643 3.47215 5.64607 0 -1
0 0 5.64812 0 -1
-2.51643 3.47215 5.65016 0 -1
0 0 5.65221 0 -1
-2.51643 3.47215 5.65425 0 -1
0 0 5.6563 0 -1
-2.51643 3.47215 5.65834 0 -1
0 0 5.66039 0 -1
0 0 5.66243 0 -1
-2.51643 3.47215 5.66448 0 -1
0 0 5.66652 0 -1
-2.51643 3.47215 5.66857 0 -1
0 0 5.67062 0 -1
-2.51643 3.47215 5.67266 0 -1
0 0 5.67471 0 -1
0 0 5.67675 0 -1
-2.51643 3.47215 5.6788 0 -1
0 0 5.68084 0 -1
-2.51643 3.47215 5.68289 0 -1
0 0 5.68493 0 -1
-2.51643 3.47215 5.68698 0 -1
0 0 5.68902 0 -1
0 0 5.69107 0 -1
-2.51643 3.47215 5.69311 0 -1
0 0 5.69516 0 -1
-2.51643 3.47215 5.6972 0 -1
0 0 5.69925 0 -1
-2.51643 3.47215 5.7013 0 -1
0 0 5.70334 0 -1
-2.51643 3.47215 5.70539 0 -1
0 0 5.70743 0 -1
0 0 5.70948 0 -1
-2.51643 3.47215 5.71152 0 -1
0 0 5.71357 0 -1
-2.51643 3.47215 5.71561 0 -1
0 0 5.71766 0 -1
-2.51643 3.47215 5.7197 0 -1
0 0 5.72175 0 -1
0 0 5.72379 0 -1
-2.51643 3.47215 5.72584 0 -1
0 0 5.72788 0 -1
-2.51643 3.47215 5.72993 0 -1
0 0 5.73198 0 -1
-2.51643 3.47215 5.73402 0 -1
0 0 5.73607 0 -1
-2.51643 3.47215 5.73811 0 -1
0 0 5.74016 0 -1
0 0 5.7422 0 -1
-2.51643 3.47215 5.74425 0 -1
0 0 5.74629 0 -1
-2.51643 3.47215 5.74834 0 -1
0 0 5.75038 0 -1
-2.51643 3.47215 5.75243 0 -1
0 0 5.75447 0 -1
0 0 5.75652 0 -1
-2.51643 3.47215 5.75856 0 -1
0 0 5.76061 0 -1
-2.51643 3.47215 5.76265 0 -1
0 0 5.7647 0 -1
-2.51643 3.47215 5.76675 0 -1
0 0 5.76879 0 -1
0 0 5.77084 0 -1
-2.51643 3.47215 5.77288 0 -1
0 0 5.77493 0 -1
-2.51643 3.47215 5.77697 0 -1
0 0 5.77902 0 -1
-2.51643 3.47215 5.78106 0 -1
0 0 5.78311 0 -1
-2.51643 3.47215 5.78515 0 -1
0 0 5.7872 0 -1
0 0 5.78924 0 -1
-2.51643 3.47215 5.79129 0 -1
0 0 5.79333 0 -1
-2.51643 3.47215 5.79538 0 -1
0 0 5.79742 0 -1
-2.51643 3.47215 5.79947 0 -1
0 0 5.80152 0 -1
0 0 5.80356 0 -1
-2.51643 3.47215 5.80561 0 -1
0 0 5.80765 0 -1
-2.51643 3.47215 5.8097 0 -1
0 0 5.81174 0 -1
-2.51643 3.47215 5.81379 0 -1
0 0 5.81583 0 -1
-2.51643 3.47215 5.81788 0 -1
0 0 5.81992 0 -1
0 0 5.82197 0 -1
-2.51643 3.47215 5.82401 0 -1
0 0 5.82606 0 -1
-2.51643 3.47215 5.8281 0 -1
0 0 5.83015 0 -1
-2.51643 3.47215 5.83219 0 -1
0 0 5.83424 0 -1
0 0 5.83629 0 -1
-2.51643 3.47215 5.83833 0 -1
0 0 5.84038 0 -1
-2.51643 3.47215 5.84242 0 -1
0 0 5.84447 0 -1
-2.51643 3.47215 5.84651 0 -1
0 0 5.84856 0 -1
0 0 5.8506 0 -1
-2.51643 3.47215 5.85265 0 -1
0 0 5.85469 0 -1
-2.51643 3.47215 5.85674 0 -1
0 0 5.85878 0 -1
-2.51643 3.47215 5.86083 0 -1
0 0 5.86287 0 -1
-2.51643 3.47215 5.86492 0 -1
0 0 5.86697 0 -1
0 0 5.86901 0 -1
-2.51643 3.47215 5.87106 0 -1
0 0 5.8731 0 -1
-2.51643 3.47215 5.87515 0 -1
0 0 5.87719 0 -1
-2.51643 3.47215 5.87924 0 -1
0 0 5.88128 0 -1
0 0 5.88333 0 -1
-2.51643 3.47215 5.88537 0 -1
0 0 5.88742 0 -1
-2.51643 3.47215 5.88946 0 -1
0 0 5.89151 0 -1
-2.51643 3.47215 5.89355 0 -1
0 0 5.8956 0 -1
0 0 5.89764 0 -1
-2.51643 3.47215 5.89969 0 -1
0 0 5.90174 0 -1
-2.51643 3.47215 5.90378 0 -1
0 0 5.90583 0 -1
-2.51643 3.47215 5.90787 0 -1
0 0 5.90992 0 -1
-2.51643 3.47215 5.91196 0 -1
0 0 5.91401 0 -1
0 0 5.91605 0 -1
-2.51643 3.47215 5.9181 0 -1
0 0 5.92014 0 -1
-2.51643 3.47215 5.92219 0 -1
0 0 5.92423 0 -1
-2.51643 3.47215 5.92628 0 -1
0 0 5.92832 0 -1
0 0 5.93037 0 -1
-2.51643 3.47215 5.93242 0 -1
0 0 5.93446 0 -1
-2.51643 3.47215 5.93651 0 -1
0 0 5.93855 0 -1
-2.51643 3.47215 5.9406 0 -1
0 0 5.94264 0 -1
-2.51643 3.47215 5.94469 0 -1
0 0 5.94673 0 -1
0 0 5.94878 0 -1
-2.51643 3.47215 5.95082 0 -1
0 0 5.95287 0 -1
-2.51643 3.47215 5.95491 0 -1
0 0 5.95696 0 -1
-2.51643 3.47215 5.959 0 -1
0 0 5.96105 0 -1
0 0 5.96309 0 -1
-2.51643 3.47215 5.96514 0 -1
0 0 5.96719 0 -1
-2.51643 3.47215 5.96923 0 -1
0 0 5.97128 0 -1
-2.51643 3.47215 5.97332 0 -1
0 0 5.97537 0 -1
0 0 5.97741 0 -1
-2.51643 3.47215 5.97946 0 -1
0 0 5.9815 0 -1
-2.51643 3.47215 5.98355 0 -1
0 0 5.98559 0 -1
-2.51643 3.47215 5.98764 0 -1
0 0 5.98968 0 -1
-2.51643 3.47215 5.99173 0 -1
0 0 5.99377 0 -1
0 0 5.99582 0 -1
-2.51643 3.47215 5.99786 0 -1
0 0 5.99991 0 -1
-2.51643 3.47215 6.00196 0 -1
0 0 6.004 0 -1
-2.51643 3.47215 6.00605 0 -1
0 0 6.00809 0 -1
0 0 6.01014 0 -1
-2.51643 3.47215 6.01218 0 -1
0 0 6.01423 0 -1
-2.51643 3.47215 6.01627 0 -1
0 0 6.01832 0 -1
-2.51643 3.47215 6.02036 0 -1
0 0 6.02241 0 -1
0 0 6.02445 0 -1
-2.51643 3.47215 6.0265 0 -1
0 0 6.02854 0 -1
-2.51643 3.47215 6.03059 0 -1
0 0 6.03264 0 -1
-2.51643 3.47215 6.03468 0 -1
0 0 6.03673 0 -1
-2.51643 3.47215 6.03877 0 -1
0 0 6.04082 0 -1
0 0 6.04286 0 -1
-2.51643 3.47215 6.04491 0 -1
0 0 6.04695 0 -1
-2.51643 3.47215 6.049 0 -1
0 0 6.05104 0 -1
-2.51643 3.47215 6.05309 0 -1
0 0 6.05513 0 -1
0 0 6.05718 0 -1
-2.51643 3.47215 6.05922 0 -1
0 0 6.06127 0 -1
-2.51643 3.47215 6.06331 0 -1
0 0 6.06536 0 -1
-2.51643 3.47215 6.06741 0 -1
0 0 6.06945 0 -1
-2.51643 3.47215 6.0715 0 -1
0 0 6.07354 0 -1
0 0 6.07559 0 -1
-2.51643 3.47215 6.07763 0 -1
0 0 6.07968 0 -1
-2.51643 3.47215 6.08172 0 -1
0 0 6.08377 0 -1
-2.51643 3.47215 6.08581 0 -1
0 0 6.08786 0 -1
0 0 6.0899 0 -1
-2.51643 3.47215 6.09195 0 -1
0 0 6.09399 0 -1
-2.51643 3.47215 6.09604 0 -1
0 0 6.09808 0 -1
-2.51643 3.47215 6.10013 0 -1
0 0 6.10218 0 -1
0 0 6.10422 0 -1
-2.51643 3.47215 6.10627 0 -1
0 0 6.10831 0 -1
-2.51643 3.47215 6.11036 0 -1
0 0 6.1124 0 -1
-2.51643 3.47215 6.11445 0 -1
0 0 6.11649 0 -1
-2.51643 3.47215 6.11854 0 -1
0 0 6.12058 0 -1
0 0 6.12263 0 -1
-2.51643 3.47215 6.12467 0 -1
0 0 6.12672 0 -1
-2.51643 3.47215 6.12876 0 -1
0 0 6.13081 0 -1
-2.51643 3.47215 6.13286 0 -1
0 0 6.1349 0 -1
0 0 6.13695 0 -1
-2.51643 3.47215 6.13899 0 -1
0 0 6.14104 0 -1
-2.51643 3.47215 6.14308 0 -1
0 0 6.14513 0 -1
-2.51643 3.47215 6.14717 0 -1
0 0 6.14922 0 -1
-2.51643 3.47215 6.15126 0 -1
0 0 6.15331 0 -1
0 0 6.15535 0 -1
-2.51643 3.47215 6.1574 0 -1
0 0 6.15944 0 -1
-2.51643 3.47215 6.16149 0 -1
0 0 6.16353 0 -1
-2.51643 3.47215 6.16558 0 -1
0 0 6.16763 0 -1
0 0 6.16967 0 -1
-2.51643 3.47215 6.17172 0 -1
0 0 6.17376 0 -1
-2.51643 3.47215 6.17581 0 -1
0 0 6.17785 0 -1
-2.51643 3.47215 6.1799 0 -1
0 0 6.18194 0 -1
0 0 6.18399 0 -1
-2.51643 3.47215 6.18603 0 -1
0 0 6.18808 0 -1
-2.51643 3.47215 6.19012 0 -1
0 0 6.19217 0 -1
-2.51643 3.47215 6.19421 0 -1
0 0 6.19626 0 -1
-2.51643 3.47215 6.19831 0 -1
0 0 6.20035 0 -1
0 0 6.2024 0 -1
-2.51643 3.47215 6.20444 0 -1
0 0 6.20649 0 -1
-2.51643 3.47215 6.20853 0 -1
0 0 6.21058 0 -1
-2.51643 3.47215 6.21262 0 -1
0 0 6.21467 0 -1
0 0 6.21671 0 -1
-2.51643 3.47215 6.21876 0 -1
0 0 6.2208 0 -1
-2.51643 3.47215 6.22285 0 -1
0 0 6.22489 0 -1
-2.51643 3.47215 6.22694 0 -1
0 0 6.22898 0 -1
0 0 6.23103 0 -1
-2.51643 3.47215 6.23308 0 -1
0 0 6.23512 0 -1
-2.51643 3.47215 6.23717 0 -1
0 0 6.23921 0 -1
-2.51643 3.47215 6.24126 0 -1
0 0 6.2433 0 -1
-2.51643 3.47215 6.24535 0 -1
0 0 6.24739 0 -1
0 0 6.24944 0 -1
-2.51643 3.47215 6.25148 0 -1
0 0 6.25353 0 -1
-2.51643 3.47215 6.25557 0 -1
0 0 6.25762 0 -1
-2.51643 3.47215 6.25966 0 -1
0 0 6.26171 0 -1
0 0 6.26375 0 -1
-2.51643 3.47215 6.2658 0 -1
0 0 6.26785 0 -1
-2.51643 3.47215 6.26989 0 -1
0 0 6.27194 0 -1
-2.51643 3.47215 6.27398 0 -1
0 0 6.27603 0 -1
-2.51643 3.47215 6.27807 0 -1
-2.51643 3.47215 6.28012 0 -1
-2.51643 3.47215 6.28216 0 -1
