0.661413 5.93157 0.00102265 0 -1
0 0 0.00306796 0 -1
0.661413 5.93157 0.00511327 0 -1
0 0 0.00715858 0 -1
0 0 0.00920388 0 -1
0.661413 5.93157 0.0112492 0 -1
0 0 0.0132945 0 -1
0.661413 5.93157 0.0153398 0 -1
0 0 0.0173851 0 -1
0.661413 5.93157 0.0194304 0 -1
0 0 0.0214757 0 -1
0.661413 5.93157 0.023521 0 -1
0 0 0.0255663 0 -1
0 0 0.0276117 0 -1
0.661413 5.93157 0.029657 0 -1
0 0 0.0317023 0 -1
0.661413 5.93157 0.0337476 0 -1
0 0 0.0357929 0 -1
0.661413 5.93157 0.0378382 0 -1
0 0 0.0398835 0 -1
0 0 0.0419288 0 -1
0.661413 5.93157 0.0439741 0 -1
0 0 0.0460194 0 -1
0.661413 5.93157 0.0480647 0 -1
0 0 0.05011 0 -1
0.661413 5.93157 0.0521553 0 -1
0 0 0.0542007 0 -1
0 0 0.056246 0 -1
0.661413 5.93157 0.0582913 0 -1
0 0 0.0603366 0 -1
0.661413 5.93157 0.0623819 0 -1
0 0 0.0644272 0 -1
0.661413 5.93157 0.0664725 0 -1
0 0 0.0685178 0 -1
0.661413 5.93157 0.0705631 0 -1
0 0 0.0726084 0 -1
0 0 0.0746537 0 -1
0.661413 5.93157 0.076699 0 -1
0 0 0.0787443 0 -1
0.661413 5.93157 0.0807897 0 -1
0 0 0.082835 0 -1
0.661413 5.93157 0.0848803 0 -1
0 0 0.0869256 0 -1
0 0 0.0889709 0 -1
0.661413 5.93157 0.0910162 0 -1
0 0 0.0930615 0 -1
0.661413 5.93157 0.0951068 0 -1
0 0 0.0971521 0 -1
0.661413 5.93157 0.0991974 0 -1
0 0 0.101243 0 -1
0 0 0.103288 0 -1
0.661413 5.93157 0.105333 0 -1
0 0 0.107379 0 -1
0.661413 5.93157 0.109424 0 -1
0 0 0.111469 0 -1
0.661413 5.93157 0.113515 0 -1
0 0 0.11556 0 -1
0.661413 5.93157 0.117605 0 -1
2.38874 8.55014 0.11965 8.87755 10
2.42887 8.53882 0.121696 8.87755 10
1.08148 8.81143 0.123741 8.87755 10
2.43729 8.27232 0.125786 8.6239 10
1.09078 8.55464 0.127832 8.6239 10
2.5149 8.24906 0.129877 8.6239 10
1.13095 8.54943 0.131922 8.6239 10
2.59228 8.22507 0.133968 8.6239 10
2.63089 8.21281 0.136013 8.6239 10
1.17109 8.54402 0.138058 8.6239 10
2.70792 8.18773 0.140104 8.6239 10
1.21121 8.53843 0.142149 8.6239 10
2.78472 8.16193 0.144194 8.6239 10
1.2513 8.53264 0.14624 8.6239 10
2.8753 8.17529 0.148285 8.66618 10
1.2977 8.56847 0.15033 8.66618 10
2.95197 8.14792 0.152375 8.66618 10
2.99021 8.13396 0.154421 8.66618 10
1.33793 8.56228 0.156466 8.66618 10
3.06649 8.10551 0.158511 8.66618 10
1.37814 8.5559 0.160557 8.66618 10
3.1425 8.07635 0.162602 8.66618 10
1.41831 8.54933 0.164647 8.66618 10
3.21823 8.04647 0.166693 8.66618 10
3.25599 8.03126 0.168738 8.66618 10
1.45845 8.54258 0.170783 8.66618 10
3.34754 8.03935 0.172828 8.70845 10
1.50587 8.57727 0.174874 8.70845 10
3.42292 8.00755 0.176919 8.70845 10
1.54614 8.5701 0.178964 8.70845 10
3.49799 7.97504 0.18101 8.70845 10
3.53541 7.95852 0.183055 8.70845 10
1.58638 8.56274 0.1851 8.70845 10
3.61002 7.92496 0.187146 8.70845 10
1.62658 8.5552 0.189191 8.70845 10
3.68431 7.89069 0.191236 8.70845 10
1.66675 8.54746 0.193282 8.70845 10
3.77651 7.89387 0.195327 8.75073 10
1.71516 8.58099 0.197372 8.75073 10
3.8505 7.85805 0.199418 8.75073 10
3.88737 7.83987 0.201463 8.75073 10
1.75545 8.57284 0.203508 8.75073 10
3.96085 7.80301 0.205553 8.75073 10
1.7957 8.5645 0.207599 8.75073 10
4.03398 7.76545 0.209644 8.75073 10
1.83591 8.55597 0.211689 8.75073 10
4.12659 7.76455 0.213735 8.793 10
4.16301 7.74508 0.21578 8.793 10
1.88514 8.58855 0.217825 8.793 10
4.23559 7.70563 0.219871 8.793 10
1.92546 8.5796 0.221916 8.793 10
4.30779 7.6655 0.223961 8.793 10
1.96574 8.57046 0.226007 8.793 10
4.37961 7.62469 0.228052 8.793 10
2.00597 8.56113 0.230097 8.793 10
4.47244 7.61967 0.232142 8.83528 10
4.50818 7.59858 0.234188 8.83528 10
2.056 8.59273 0.236233 8.83528 10
4.57937 7.55589 0.238278 8.83528 10
2.09634 8.58298 0.240324 8.83528 10
4.65015 7.51254 0.242369 8.83528 10
2.13663 8.57303 0.244414 8.83528 10
4.72051 7.46852 0.24646 8.83528 10
4.75554 7.44627 0.248505 8.83528 10
2.17688 8.5629 0.25055 8.83528 10
4.84837 7.43668 0.252596 8.87755 10
2.22768 8.59351 0.254641 8.87755 10
4.91802 7.39081 0.256686 8.87755 10
2.26802 8.58295 0.258731 8.87755 10
4.98723 7.34428 0.260777 8.87755 10
5.02167 7.32077 0.262822 8.87755 10
2.30831 8.5722 0.264867 8.87755 10
5.11446 7.30791 0.266913 8.91983 10
2.35973 8.60203 0.268958 8.91983 10
5.18289 7.25954 0.271003 8.91983 10
2.40011 8.59085 0.273049 8.91983 10
5.25086 7.21053 0.275094 8.91983 10
2.44044 8.57948 0.277139 8.91983 10
5.34357 7.19483 0.279184 8.9621 10
5.37731 7.16965 0.28123 8.9621 10
2.49247 8.60853 0.283275 8.9621 10
5.44442 7.11882 0.28532 8.9621 10
2.53288 8.59673 0.287366 8.9621 10
5.51106 7.06736 0.289411 8.9621 10
2.57323 8.58474 0.291456 8.9621 10
0 0 0.293502 0 -1
0 0 0.295547 0 -1
0.661413 5.93157 0.297592 0 -1
0 0 0.299638 0 -1
0.661413 5.93157 0.301683 0 -1
0 0 0.303728 0 -1
0.661413 5.93157 0.305773 0 -1
0 0 0.307819 0 -1
0 0 0.309864 0 -1
0.661413 5.93157 0.311909 0 -1
0 0 0.313955 0 -1
0.661413 5.93157 0.316 0 -1
0 0 0.318045 0 -1
0.661413 5.93157 0.320091 0 -1
0 0 0.322136 0 -1
0.661413 5.93157 0.324181 0 -1
0 0 0.326227 0 -1
0 0 0.328272 0 -1
0.661413 5.93157 0.330317 0 -1
0 0 0.332363 0 -1
0.661413 5.93157 0.334408 0 -1
0 0 0.336453 0 -1
0.661413 5.93157 0.338498 0 -1
0 0 0.340544 0 -1
0 0 0.342589 0 -1
0.661413 5.93157 0.344634 0 -1
0 0 0.34668 0 -1
0.661413 5.93157 0.348725 0 -1
0 0 0.35077 0 -1
0.661413 5.93157 0.352816 0 -1
0 0 0.354861 0 -1
0.661413 5.93157 0.356906 0 -1
0 0 0.358952 0 -1
0 0 0.360997 0 -1
0.661413 5.93157 0.363042 0 -1
0 0 0.365087 0 -1
0.661413 5.93157 0.367133 0 -1
0 0 0.369178 0 -1
0.661413 5.93157 0.371223 0 -1
0 0 0.373269 0 -1
0 0 0.375314 0 -1
0.661413 5.93157 0.377359 0 -1
0 0 0.379405 0 -1
0.661413 5.93157 0.38145 0 -1
0 0 0.383495 0 -1
0.661413 5.93157 0.385541 0 -1
0 0 0.387586 0 -1
0 0 0.389631 0 -1
0.661413 5.93157 0.391676 0 -1
0 0 0.393722 0 -1
0.661413 5.93157 0.395767 0 -1
0 0 0.397812 0 -1
0.661413 5.93157 0.399858 0 -1
0 0 0.401903 0 -1
0.661413 5.93157 0.403948 0 -1
0 0 0.405994 0 -1
0 0 0.408039 0 -1
0.661413 5.93157 0.410084 0 -1
0 0 0.412129 0 -1
0.661413 5.93157 0.414175 0 -1
0 0 0.41622 0 -1
0.661413 5.93157 0.418265 0 -1
0 0 0.420311 0 -1
0 0 0.422356 0 -1
0.661413 5.93157 0.424401 0 -1
0 0 0.426447 0 -1
0.661413 5.93157 0.428492 0 -1
0 0 0.430537 0 -1
0.661413 5.93157 0.432583 0 -1
0 0 0.434628 0 -1
0 0 0.436673 0 -1
0.661413 5.93157 0.438718 0 -1
0 0 0.440764 0 -1
0.661413 5.93157 0.442809 0 -1
0 0 0.444854 0 -1
0.661413 5.93157 0.4469 0 -1
0 0 0.448945 0 -1
0.661413 5.93157 0.45099 0 -1
0 0 0.453036 0 -1
0 0 0.455081 0 -1
0.661413 5.93157 0.457126 0 -1
0 0 0.459172 0 -1
0.661413 5.93157 0.461217 0 -1
0 0 0.463262 0 -1
0.661413 5.93157 0.465308 0 -1
0 0 0.467353 0 -1
0 0 0.469398 0 -1
0.661413 5.93157 0.471443 0 -1
0 0 0.473489 0 -1
0.661413 5.93157 0.475534 0 -1
0 0 0.477579 0 -1
0.661413 5.93157 0.479625 0 -1
0 0 0.48167 0 -1
0.661413 5.93157 0.483715 0 -1
0 0 0.485761 0 -1
0 0 0.487806 0 -1
0.661413 5.93157 0.489851 0 -1
0 0 0.491897 0 -1
0.661413 5.93157 0.493942 0 -1
0 0 0.495987 0 -1
0.661413 5.93157 0.498032 0 -1
0 0 0.500078 0 -1
0 0 0.502123 0 -1
0.661413 5.93157 0.504168 0 -1
0 0 0.506214 0 -1
0.661413 5.93157 0.508259 0 -1
0 0 0.510304 0 -1
0.661413 5.93157 0.51235 0 -1
0 0 0.514395 0 -1
0 0 0.51644 0 -1
0.661413 5.93157 0.518485 0 -1
0 0 0.520531 0 -1
0.661413 5.93157 0.522576 0 -1
0 0 0.524621 0 -1
0.661413 5.93157 0.526667 0 -1
0 0 0.528712 0 -1
0.661413 5.93157 0.530757 0 -1
0 0 0.532803 0 -1
0 0 0.534848 0 -1
0.661413 5.93157 0.536893 0 -1
0 0 0.538939 0 -1
0.661413 5.93157 0.540984 0 -1
0 0 0.543029 0 -1
0.661413 5.93157 0.545075 0 -1
0 0 0.54712 0 -1
0 0 0.549165 0 -1
0.661413 5.93157 0.55121 0 -1
0 0 0.553256 0 -1
0.661413 5.93157 0.555301 0 -1
0 0 0.557346 0 -1
0.661413 5.93157 0.559392 0 -1
0 0 0.561437 0 -1
0.661413 5.93157 0.563482 0 -1
0 0 0.565528 0 -1
0 0 0.567573 0 -1
0.661413 5.93157 0.569618 0 -1
0 0 0.571663 0 -1
0.661413 5.93157 0.573709 0 -1
0 0 0.575754 0 -1
0.661413 5.93157 0.577799 0 -1
0 0 0.579845 0 -1
0 0 0.58189 0 -1
0.661413 5.93157 0.583935 0 -1
0 0 0.585981 0 -1
0.661413 5.93157 0.588026 0 -1
0 0 0.590071 0 -1
0.661413 5.93157 0.592117 0 -1
0 0 0.594162 0 -1
0 0 0.596207 0 -1
0.661413 5.93157 0.598253 0 -1
0 0 0.600298 0 -1
0.661413 5.93157 0.602343 0 -1
0 0 0.604388 0 -1
0.661413 5.93157 0.606434 0 -1
0 0 0.608479 0 -1
0.661413 5.93157 0.610524 0 -1
0 0 0.61257 0 -1
0 0 0.614615 0 -1
0.661413 5.93157 0.61666 0 -1
0 0 0.618706 0 -1
0.661413 5.93157 0.620751 0 -1
0 0 0.622796 0 -1
0.661413 5.93157 0.624842 0 -1
0 0 0.626887 0 -1
0 0 0.628932 0 -1
0.661413 5.93157 0.630977 0 -1
0 0 0.633023 0 -1
0.661413 5.93157 0.635068 0 -1
0 0 0.637113 0 -1
0.661413 5.93157 0.639159 0 -1
0 0 0.641204 0 -1
0 0 0.643249 0 -1
0.661413 5.93157 0.645295 0 -1
0 0 0.64734 0 -1
0.661413 5.93157 0.649385 0 -1
0 0 0.65143 0 -1
0.661413 5.93157 0.653476 0 -1
0 0 0.655521 0 -1
0.661413 5.93157 0.657566 0 -1
0 0 0.659612 0 -1
0 0 0.661657 0 -1
0.661413 5.93157 0.663702 0 -1
0 0 0.665748 0 -1
0.661413 5.93157 0.667793 0 -1
0 0 0.669838 0 -1
0.661413 5.93157 0.671884 0 -1
0 0 0.673929 0 -1
0 0 0.675974 0 -1
0.661413 5.93157 0.67802 0 -1
0 0 0.680065 0 -1
0.661413 5.93157 0.68211 0 -1
0 0 0.684155 0 -1
0.661413 5.93157 0.686201 0 -1
0 0 0.688246 0 -1
0.661413 5.93157 0.690291 0 -1
0 0 0.692337 0 -1
0 0 0.694382 0 -1
0.661413 5.93157 0.696427 0 -1
0 0 0.698473 0 -1
0.661413 5.93157 0.700518 0 -1
0 0 0.702563 0 -1
0.661413 5.93157 0.704609 0 -1
0 0 0.706654 0 -1
0 0 0.708699 0 -1
0.661413 5.93157 0.710744 0 -1
0 0 0.71279 0 -1
0.661413 5.93157 0.714835 0 -1
0 0 0.71688 0 -1
0.661413 5.93157 0.718926 0 -1
0 0 0.720971 0 -1
0 0 0.723016 0 -1
0.661413 5.93157 0.725062 0 -1
0 0 0.727107 0 -1
0.661413 5.93157 0.729152 0 -1
0 0 0.731198 0 -1
0.661413 5.93157 0.733243 0 -1
0 0 0.735288 0 -1
0.661413 5.93157 0.737333 0 -1
0 0 0.739379 0 -1
0 0 0.741424 0 -1
0.661413 5.93157 0.743469 0 -1
0 0 0.745515 0 -1
0.661413 5.93157 0.74756 0 -1
0 0 0.749605 0 -1
0.661413 5.93157 0.751651 0 -1
0 0 0.753696 0 -1
0 0 0.755741 0 -1
0.661413 5.93157 0.757787 0 -1
0 0 0.759832 0 -1
0.661413 5.93157 0.761877 0 -1
0 0 0.763922 0 -1
0.661413 5.93157 0.765968 0 -1
0 0 0.768013 0 -1
0 0 0.770058 0 -1
0.661413 5.93157 0.772104 0 -1
0 0 0.774149 0 -1
0.661413 5.93157 0.776194 0 -1
0 0 0.77824 0 -1
0.661413 5.93157 0.780285 0 -1
0 0 0.78233 0 -1
0.661413 5.93157 0.784375 0 -1
0 0 0.786421 0 -1
0 0 0.788466 0 -1
0.661413 5.93157 0.790511 0 -1
0 0 0.792557 0 -1
0.661413 5.93157 0.794602 0 -1
0 0 0.796647 0 -1
0.661413 5.93157 0.798693 0 -1
0 0 0.800738 0 -1
0 0 0.802783 0 -1
0.661413 5.93157 0.804829 0 -1
0 0 0.806874 0 -1
0.661413 5.93157 0.808919 0 -1
0 0 0.810965 0 -1
0.661413 5.93157 0.81301 0 -1
0 0 0.815055 0 -1
0.661413 5.93157 0.8171 0 -1
0 0 0.819146 0 -1
0 0 0.821191 0 -1
0.661413 5.93157 0.823236 0 -1
0 0 0.825282 0 -1
0.661413 5.93157 0.827327 0 -1
0 0 0.829372 0 -1
0.661413 5.93157 0.831418 0 -1
0 0 0.833463 0 -1
0 0 0.835508 0 -1
0.661413 5.93157 0.837554 0 -1
0 0 0.839599 0 -1
0.661413 5.93157 0.841644 0 -1
0 0 0.843689 0 -1
0.661413 5.93157 0.845735 0 -1
0 0 0.84778 0 -1
0 0 0.849825 0 -1
0.661413 5.93157 0.851871 0 -1
0 0 0.853916 0 -1
0.661413 5.93157 0.855961 0 -1
0 0 0.858007 0 -1
0.661413 5.93157 0.860052 0 -1
0 0 0.862097 0 -1
0.661413 5.93157 0.864143 0 -1
0 0 0.866188 0 -1
0 0 0.868233 0 -1
0.661413 5.93157 0.870278 0 -1
0 0 0.872324 0 -1
0.661413 5.93157 0.874369 0 -1
0 0 0.876414 0 -1
0.661413 5.93157 0.87846 0 -1
0 0 0.880505 0 -1
0 0 0.88255 0 -1
0.661413 5.93157 0.884596 0 -1
0 0 0.886641 0 -1
0.661413 5.93157 0.888686 0 -1
0 0 0.890732 0 -1
0.661413 5.93157 0.892777 0 -1
0 0 0.894822 0 -1
0.661413 5.93157 0.896867 0 -1
0 0 0.898913 0 -1
0 0 0.900958 0 -1
0.661413 5.93157 0.903003 0 -1
0 0 0.905049 0 -1
0.661413 5.93157 0.907094 0 -1
0 0 0.909139 0 -1
0.661413 5.93157 0.911185 0 -1
0 0 0.91323 0 -1
0 0 0.915275 0 -1
0.661413 5.93157 0.91732 0 -1
0 0 0.919366 0 -1
0.661413 5.93157 0.921411 0 -1
0 0 0.923456 0 -1
0.661413 5.93157 0.925502 0 -1
0 0 0.927547 0 -1
0 0 0.929592 0 -1
0.661413 5.93157 0.931638 0 -1
0 0 0.933683 0 -1
0.661413 5.93157 0.935728 0 -1
0 0 0.937774 0 -1
0.661413 5.93157 0.939819 0 -1
0 0 0.941864 0 -1
0.661413 5.93157 0.94391 0 -1
0 0 0.945955 0 -1
0 0 0.948 0 -1
0.661413 5.93157 0.950045 0 -1
0 0 0.952091 0 -1
0.661413 5.93157 0.954136 0 -1
0 0 0.956181 0 -1
0.661413 5.93157 0.958227 0 -1
0 0 0.960272 0 -1
0 0 0.962317 0 -1
0.661413 5.93157 0.964363 0 -1
0 0 0.966408 0 -1
0.661413 5.93157 0.968453 0 -1
0 0 0.970499 0 -1
0.661413 5.93157 0.972544 0 -1
0 0 0.974589 0 -1
0 0 0.976634 0 -1
0.661413 5.93157 0.97868 0 -1
0 0 0.980725 0 -1
0.661413 5.93157 0.98277 0 -1
0 0 0.984816 0 -1
0.661413 5.93157 0.986861 0 -1
0 0 0.988906 0 -1
0.661413 5.93157 0.990952 0 -1
0 0 0.992997 0 -1
0 0 0.995042 0 -1
0.661413 5.93157 0.997088 0 -1
0 0 0.999133 0 -1
0.661413 5.93157 1.00118 0 -1
0 0 1.00322 0 -1
0.661413 5.93157 1.00527 0 -1
0 0 1.00731 0 -1
0 0 1.00936 0 -1
0.661413 5.93157 1.0114 0 -1
0 0 1.01345 0 -1
0.661413 5.93157 1.0155 0 -1
0 0 1.01754 0 -1
0.661413 5.93157 1.01959 0 -1
0 0 1.02163 0 -1
0.661413 5.93157 1.02368 0 -1
0 0 1.02572 0 -1
0 0 1.02777 0 -1
0.661413 5.93157 1.02981 0 -1
6.26604 -6.4075 1.03186 8.9621 10
7.6987 4.58794 1.0339 8.9621 10
6.20557 -6.46608 1.03595 8.9621 10
7.72017 4.55173 1.03799 8.9621 10
6.11557 -6.49331 1.04004 8.91983 10
6.085 -6.52197 1.04208 8.91983 10
7.70495 4.49412 1.04413 8.91983 10
5.99492 -6.54766 1.04617 8.87755 10
7.68935 4.43675 1.04822 8.87755 10
5.93314 -6.60369 1.05027 8.87755 10
7.71011 4.40058 1.05231 8.87755 10
5.84289 -6.62743 1.05436 8.83528 10
5.81169 -6.6548 1.0564 8.83528 10
7.69388 4.34354 1.05845 8.83528 10
5.74892 -6.7091 1.06049 8.83528 10
7.7142 4.30735 1.06254 8.83528 10
5.65844 -6.73045 1.06458 8.793 10
7.69734 4.25063 1.06663 8.793 10
5.59496 -6.78331 1.06867 8.793 10
7.71722 4.21443 1.07072 8.793 10
5.5044 -6.80271 1.07276 8.75073 10
5.47238 -6.82849 1.07481 8.75073 10
7.69973 4.15805 1.07685 8.75073 10
5.408 -6.87959 1.0789 8.75073 10
7.71918 4.12184 1.08095 8.75073 10
5.31732 -6.89662 1.08299 8.70845 10
7.70107 4.06579 1.08504 8.70845 10
5.2523 -6.94626 1.08708 8.70845 10
5.21961 -6.97086 1.08913 8.70845 10
7.72008 4.02958 1.09117 8.70845 10
5.15389 -7.01958 1.09322 8.70845 10
7.73892 3.99327 1.09526 8.70845 10
5.06303 -7.03338 1.09731 8.66618 10
7.71994 3.93767 1.09935 8.66618 10
4.99673 -7.08063 1.1014 8.66618 10
4.96342 -7.10403 1.10344 8.66618 10
7.73835 3.90136 1.10549 8.66618 10
4.87258 -7.11546 1.10753 8.6239 10
7.71875 3.84612 1.10958 8.6239 10
4.80552 -7.16092 1.11162 8.6239 10
7.73673 3.80982 1.11367 8.6239 10
4.71481 -7.17042 1.11572 8.58163 10
7.71653 3.75494 1.11776 8.58163 10
4.64724 -7.2144 1.11981 8.58163 10
4.6133 -7.23615 1.12185 8.58163 10
7.73408 3.71865 1.1239 8.58163 10
4.52273 -7.24331 1.12594 8.53936 10
7.71328 3.66415 1.12799 8.53936 10
4.45449 -7.28547 1.13003 8.53936 10
7.7304 3.62787 1.13208 8.53936 10
4.38585 -7.327 1.13412 8.53936 10
4.35139 -7.34752 1.13617 8.53936 10
7.74736 3.59152 1.13821 8.53936 10
4.26097 -7.3515 1.14026 8.49708 10
7.72571 3.53749 1.1423 8.49708 10
4.19172 -7.3912 1.14435 8.49708 10
7.74224 3.50117 1.14639 8.49708 10
4.1016 -7.39328 1.14844 8.45481 10
7.72 3.44752 1.15049 8.45481 10
4.03196 -7.43149 1.15253 8.45481 10
3.99701 -7.45035 1.15458 8.45481 10
7.7361 3.41122 1.15662 8.45481 10
3.92684 -7.48757 1.15867 8.45481 10
7.75204 3.37485 1.16071 8.45481 10
3.83705 -7.4865 1.16276 8.41253 10
7.72897 3.32171 1.1648 8.41253 10
3.76655 -7.52222 1.16685 8.41253 10
3.73118 -7.53983 1.16889 8.41253 10
7.74449 3.28537 1.17094 8.41253 10
3.66018 -7.57455 1.17298 8.41253 10
7.75983 3.24895 1.17503 8.41253 10
3.57083 -7.57036 1.17707 8.37026 10
7.73594 3.19633 1.17912 8.37026 10
3.49955 -7.60357 1.18117 8.37026 10
3.4638 -7.61993 1.18321 8.37026 10
7.75086 3.15995 1.18526 8.37026 10
3.39207 -7.65213 1.1873 8.37026 10
7.76562 3.12351 1.18935 8.37026 10
3.30326 -7.64485 1.19139 8.32798 10
7.74091 3.07141 1.19344 8.32798 10
3.2313 -7.67555 1.19548 8.32798 10
7.75525 3.03502 1.19753 8.32798 10
3.15905 -7.70556 1.19957 8.32798 10
3.12282 -7.72032 1.20162 8.32798 10
7.76943 2.99856 1.20366 8.32798 10
3.03468 -7.70997 1.20571 8.28571 10
7.74391 2.94699 1.20775 8.28571 10
2.96211 -7.73814 1.2098 8.28571 10
7.75767 2.91059 1.21184 8.28571 10
2.88929 -7.76563 1.21389 8.28571 10
2.85278 -7.77911 1.21594 8.28571 10
7.77126 2.87412 1.21798 8.28571 10
2.7654 -7.76574 1.22003 8.24343 10
7.74495 2.8231 1.22207 8.24343 10
2.69232 -7.79138 1.22412 8.24343 10
7.75813 2.78669 1.22616 8.24343 10
2.61901 -7.81633 1.22821 8.24343 10
7.77113 2.75022 1.23025 8.24343 10
2.53241 -7.80038 1.2323 8.20116 10
2.49575 -7.81219 1.23434 8.20116 10
7.74405 2.69977 1.23639 8.20116 10
2.42225 -7.83529 1.23843 8.20116 10
7.75664 2.66337 1.24048 8.20116 10
2.34854 -7.8577 1.24252 8.20116 10
7.76907 2.62691 1.24457 8.20116 10
2.27462 -7.87941 1.24662 8.20116 10
2.23758 -7.89001 1.24866 8.20116 10
7.78132 2.59039 1.25071 8.20116 10
2.15221 -7.8699 1.25275 8.15889 10
7.75323 2.54064 1.2548 8.15889 10
2.07819 -7.88978 1.25684 8.15889 10
7.76508 2.5042 1.25889 8.15889 10
2.00397 -7.90895 1.26093 8.15889 10
1.9668 -7.91828 1.26298 8.15889 10
7.77675 2.4677 1.26502 8.15889 10
1.89233 -7.9364 1.26707 8.15889 10
7.78826 2.43114 1.26911 8.15889 10
1.80827 -7.91262 1.27116 8.11661 10
7.75918 2.38212 1.2732 8.11661 10
1.73386 -7.92926 1.27525 8.11661 10
7.77028 2.34565 1.27729 8.11661 10
1.6593 -7.94519 1.27934 8.11661 10
1.62196 -7.9529 1.28139 8.11661 10
7.78121 2.30913 1.28343 8.11661 10
1.54718 -7.96779 1.28548 8.11661 10
7.79198 2.27255 1.28752 8.11661 10
1.46459 -7.9404 1.28957 8.07434 10
7.76192 2.22428 1.29161 8.07434 10
1.38993 -7.9538 1.29366 8.07434 10
1.35256 -7.96024 1.2957 8.07434 10
7.77229 2.1878 1.29775 8.07434 10
1.27772 -7.9726 1.29979 8.07434 10
7.78248 2.15127 1.30184 8.07434 10
1.20277 -7.98425 1.30388 8.07434 10
7.7925 2.11469 1.30593 8.07434 10
1.12771 -7.9952 1.30797 8.07434 10
1.09014 -8.00041 1.31002 8.07434 10
7.80234 2.07806 1.31206 8.07434 10
1.00962 -7.96836 1.31411 8.03206 10
7.77112 2.0307 1.31616 8.03206 10
0.934722 -7.97749 1.3182 8.03206 10
7.78057 1.99418 1.32025 8.03206 10
0.85974 -7.98592 1.32229 8.03206 10
7.78985 1.95761 1.32434 8.03206 10
0.784682 -7.99364 1.32638 8.03206 10
0.747125 -7.99724 1.32843 8.03206 10
7.79896 1.921 1.33047 8.03206 10
0.671965 -8.0039 1.33252 8.03206 10
7.8079 1.88435 1.33456 8.03206 10
0.593606 -7.96771 1.33661 7.98979 10
7.77552 1.83793 1.33865 7.98979 10
0.518729 -7.97293 1.3407 7.98979 10
0.481274 -7.97528 1.34274 7.98979 10
7.78407 1.80138 1.34479 7.98979 10
0.406331 -7.97945 1.34684 7.98979 10
7.79244 1.7648 1.34888 7.98979 10
0.331354 -7.98291 1.35093 7.98979 10
7.80065 1.72818 1.35297 7.98979 10
0.256347 -7.98567 1.35502 7.98979 10
7.80868 1.69152 1.35706 7.98979 10
0.181316 -7.98773 1.35911 7.98979 10
0.143795 -7.98849 1.36115 7.98979 10
7.81654 1.65482 1.3632 7.98979 10
0.0683812 -7.94722 1.36524 7.94751 10
7.78283 1.60953 1.36729 7.94751 10
-0.00628012 -7.94751 1.36933 7.94751 10
7.7903 1.57295 1.37138 7.94751 10
-0.0809391 -7.9471 1.37342 7.94751 10
-0.118266 -7.94663 1.37547 7.94751 10
7.7976 1.53635 1.37751 7.94751 10
-0.192914 -7.94517 1.37956 7.94751 10
7.80473 1.4997 1.38161 7.94751 10
-0.267542 -7.94301 1.38365 7.94751 10
7.81169 1.46303 1.3857 7.94751 10
-0.342149 -7.94015 1.38774 7.94751 10
-0.379441 -7.93845 1.38979 7.94751 10
7.81848 1.42632 1.39183 7.94751 10
-0.453998 -7.93454 1.39388 7.94751 10
7.82509 1.38958 1.39592 7.94751 10
-0.525706 -7.88774 1.39797 7.90524 10
7.78987 1.34561 1.40001 7.90524 10
-0.599781 -7.88245 1.40206 7.90524 10
7.79611 1.309 1.4041 7.90524 10
-0.673804 -7.87647 1.40615 7.90524 10
-0.710793 -7.87322 1.40819 7.90524 10
7.80217 1.27237 1.41024 7.90524 10
-0.784723 -7.86619 1.41228 7.90524 10
7.80806 1.23571 1.41433 7.90524 10
-0.858586 -7.85848 1.41638 7.90524 10
7.81378 1.19902 1.41842 7.90524 10
-0.93237 -7.85006 1.42047 7.90524 10
-0.969232 -7.8456 1.42251 7.90524 10
7.81933 1.1623 1.42456 7.90524 10
-1.04289 -7.83615 1.4266 7.90524 10
7.8247 1.12556 1.42865 7.90524 10
-1.11646 -7.826 1.43069 7.90524 10
7.8299 1.0888 1.43274 7.90524 10
-1.18993 -7.81517 1.43478 7.90524 10
-1.22663 -7.80949 1.43683 7.90524 10
7.83493 1.05201 1.43887 7.90524 10
-1.29298 -7.75593 1.44092 7.86297 10
7.79786 1.00977 1.44296 7.86297 10
-1.36579 -7.74344 1.44501 7.86297 10
7.80252 0.973127 1.44706 7.86297 10
-1.43847 -7.73027 1.4491 7.86297 10
7.807 0.936468 1.45115 7.86297 10
-1.51102 -7.71641 1.45319 7.86297 10
-1.54725 -7.70923 1.45524 7.86297 10
7.81131 0.899786 1.45728 7.86297 10
-1.61961 -7.69435 1.45933 7.86297 10
7.81545 0.863086 1.46137 7.86297 10
-1.69182 -7.6788 1.46342 7.86297 10
7.81942 0.826367 1.46546 7.86297 10
-1.76388 -7.66257 1.46751 7.86297 10
-1.79985 -7.6542 1.46955 7.86297 10
7.82322 0.789629 1.4716 7.86297 10
-1.87167 -7.63695 1.47364 7.86297 10
7.82684 0.752874 1.47569 7.86297 10
-1.94334 -7.61903 1.47773 7.86297 10
7.83029 0.716101 1.47978 7.86297 10
-2.01482 -7.60044 1.48183 7.86297 10
7.83357 0.679314 1.48387 7.86297 10
-2.08613 -7.58118 1.48592 7.86297 10
-2.12172 -7.5713 1.48796 7.86297 10
7.83667 0.642511 1.49001 7.86297 10
-2.19275 -7.55103 1.49205 7.86297 10
7.8396 0.605695 1.4941 7.86297 10
-2.26359 -7.5301 1.49614 7.86297 10
7.84236 0.568864 1.49819 7.86297 10
-2.33423 -7.5085 1.50023 7.86297 10
-2.36947 -7.49746 1.50228 7.86297 10
7.84495 0.532021 1.50432 7.86297 10
-2.4398 -7.47486 1.50637 7.86297 10
7.84736 0.495167 1.50841 7.86297 10
-2.50991 -7.45161 1.51046 7.86297 10
7.8496 0.458301 1.51251 7.86297 10
-2.5798 -7.42771 1.51455 7.86297 10
-2.61466 -7.41551 1.5166 7.86297 10
7.85166 0.421426 1.51864 7.86297 10
-2.68421 -7.39062 1.52069 7.86297 10
7.85356 0.384542 1.52273 7.86297 10
-2.75352 -7.36508 1.52478 7.86297 10
7.85528 0.347648 1.52682 7.86297 10
-2.82259 -7.33888 1.52887 7.86297 10
7.85682 0.310747 1.53091 7.86297 10
-2.89141 -7.31204 1.53296 7.86297 10
-2.92572 -7.29838 1.535 7.86297 10
7.8582 0.273839 1.53705 7.86297 10
-2.99415 -7.27058 1.53909 7.86297 10
7.8594 0.236925 1.54114 7.86297 10
-3.06232 -7.24213 1.54318 7.86297 10
7.86042 0.200006 1.54523 7.86297 10
-3.13022 -7.21304 1.54728 7.86297 10
-3.16406 -7.19826 1.54932 7.86297 10
7.86127 0.163082 1.55137 7.86297 10
-3.23155 -7.16822 1.55341 7.86297 10
7.86195 0.126155 1.55546 7.86297 10
-3.29874 -7.13754 1.5575 7.86297 10
7.86246 0.0892253 1.55955 7.86297 10
-3.36565 -7.10624 1.56159 7.86297 10
7.86279 0.0522938 1.56364 7.86297 10
-3.43226 -7.07431 1.56568 7.86297 10
-3.46545 -7.05811 1.56773 7.86297 10
7.86295 0.0153604 1.56977 7.86297 10
-3.5316 -7.02524 1.57182 7.86297 10
7.86294 -0.0215726 1.57386 7.86297 10
-3.59744 -6.99176 1.57591 7.86297 10
7.86275 -0.0585055 1.57795 7.86297 10
-3.66296 -6.95765 1.58 7.86297 10
-3.6956 -6.94037 1.58205 7.86297 10
7.86239 -0.0954375 1.58409 7.86297 10
-3.76064 -6.90535 1.58614 7.86297 10
7.86185 -0.132367 1.58818 7.86297 10
-3.82534 -6.86972 1.59023 7.86297 10
7.86114 -0.169294 1.59227 7.86297 10
-3.88971 -6.83347 1.59432 7.86297 10
-3.92176 -6.81513 1.59636 7.86297 10
7.86026 -0.206216 1.59841 7.86297 10
-3.98561 -6.77799 1.60045 7.86297 10
7.85921 -0.243135 1.6025 7.86297 10
-4.04911 -6.74025 1.60454 7.86297 10
7.85798 -0.280048 1.60659 7.86297 10
-4.11225 -6.70191 1.60863 7.86297 10
7.85657 -0.316954 1.61068 7.86297 10
-4.17503 -6.66298 1.61273 7.86297 10
-4.20628 -6.6433 1.61477 7.86297 10
7.855 -0.353854 1.61682 7.86297 10
-4.2685 -6.60349 1.61886 7.86297 10
7.85325 -0.390746 1.62091 7.86297 10
-4.33035 -6.5631 1.62295 7.86297 10
7.85133 -0.42763 1.625 7.86297 10
-4.39181 -6.52213 1.62704 7.86297 10
-4.4224 -6.50143 1.62909 7.86297 10
7.84923 -0.464503 1.63113 7.86297 10
-4.48328 -6.4596 1.63318 7.86297 10
7.84696 -0.501367 1.63522 7.86297 10
-4.56819 -6.4517 1.63727 7.90524 10
7.8867 -0.541113 1.63931 7.90524 10
-4.6286 -6.4085 1.64136 7.90524 10
-4.65865 -6.38669 1.6434 7.90524 10
7.88407 -0.578152 1.64545 7.90524 10
-4.71844 -6.34264 1.6475 7.90524 10
7.88127 -0.615178 1.64954 7.90524 10
-4.77782 -6.29804 1.65159 7.90524 10
7.87829 -0.65219 1.65363 7.90524 10
-4.83677 -6.25288 1.65568 7.90524 10
7.87514 -0.689189 1.65772 7.90524 10
-4.89529 -6.20717 1.65977 7.90524 10
-4.9244 -6.1841 1.66181 7.90524 10
7.87182 -0.726171 1.66386 7.90524 10
-4.98227 -6.13757 1.6659 7.90524 10
7.86832 -0.763137 1.66795 7.90524 10
-5.03971 -6.09049 1.66999 7.90524 10
7.86465 -0.800088 1.67204 7.90524 10
-5.0967 -6.04288 1.67408 7.90524 10
-5.12503 -6.01888 1.67613 7.90524 10
7.8608 -0.83702 1.67817 7.90524 10
-5.20906 -6.00239 1.68022 7.94751 10
7.8988 -0.878608 1.68227 7.94751 10
-5.26521 -5.95319 1.68431 7.94751 10
7.89458 -0.915699 1.68636 7.94751 10
-5.32091 -5.90347 1.6884 7.94751 10
7.8902 -0.952771 1.69045 7.94751 10
-5.37613 -5.85322 1.69249 7.94751 10
-5.40356 -5.82791 1.69454 7.94751 10
7.88563 -0.989822 1.69658 7.94751 10
-5.45807 -5.77689 1.69863 7.94751 10
7.8809 -1.02685 1.70067 7.94751 10
-5.5121 -5.72536 1.70272 7.94751 10
7.87599 -1.06386 1.70476 7.94751 10
-5.56564 -5.67332 1.70681 7.94751 10
-5.59223 -5.64712 1.70885 7.94751 10
7.8709 -1.10084 1.7109 7.94751 10
-5.64503 -5.59434 1.71295 7.94751 10
7.86565 -1.1378 1.71499 7.94751 10
-5.72764 -5.57053 1.71704 7.98979 10
7.90202 -1.18098 1.71908 7.98979 10
-5.77972 -5.51648 1.72113 7.98979 10
-5.80557 -5.48927 1.72317 7.98979 10
7.89639 -1.21808 1.72522 7.98979 10
-5.85688 -5.43449 1.72726 7.98979 10
7.89058 -1.25516 1.72931 7.98979 10
-5.90767 -5.37923 1.73135 7.98979 10
7.8846 -1.29221 1.7334 7.98979 10
-5.95794 -5.3235 1.73544 7.98979 10
7.87844 -1.32923 1.73749 7.98979 10
-6.03948 -5.29516 1.73953 8.03206 10
-6.06428 -5.26673 1.74158 8.03206 10
7.91376 -1.37345 1.74362 8.03206 10
-6.11349 -5.20953 1.74567 8.03206 10
7.90722 -1.41061 1.74772 8.03206 10
-6.16216 -5.15187 1.74976 8.03206 10
7.90051 -1.44773 1.75181 8.03206 10
-6.21029 -5.09376 1.75385 8.03206 10
-6.23415 -5.06453 1.7559 8.03206 10
7.89362 -1.48483 1.75794 8.03206 10
-6.28145 -5.00574 1.75999 8.03206 10
7.88656 -1.52189 1.76203 8.03206 10
-6.32819 -4.94651 1.76408 8.03206 10
7.87933 -1.55891 1.76612 8.03206 10
-6.40793 -4.91257 1.76817 8.07434 10
-6.43094 -4.88241 1.77021 8.07434 10
7.91335 -1.60431 1.77226 8.07434 10
-6.47652 -4.82179 1.7743 8.07434 10
7.90573 -1.64146 1.77635 8.07434 10
-6.52153 -4.76073 1.7784 8.07434 10
7.89793 -1.67857 1.78044 8.07434 10
-6.56597 -4.69926 1.78249 8.07434 10
7.88996 -1.71565 1.78453 8.07434 10
-6.64443 -4.66165 1.78658 8.11661 10
-6.66625 -4.63039 1.78862 8.11661 10
7.92308 -1.76187 1.79067 8.11661 10
-6.70945 -4.56756 1.79271 8.11661 10
7.91472 -1.79907 1.79476 8.11661 10
-6.75207 -4.50433 1.7968 8.11661 10
7.90618 -1.83622 1.79885 8.11661 10
-6.79408 -4.4407 1.80089 8.11661 10
-6.81487 -4.40874 1.80294 8.11661 10
7.89747 -1.87334 1.80498 8.11661 10
-6.89169 -4.36715 1.80703 8.15889 10
7.92967 -1.92037 1.80907 8.15889 10
-6.93241 -4.30222 1.81112 8.15889 10
7.92056 -1.95759 1.81317 8.15889 10
-6.97252 -4.23691 1.81521 8.15889 10
7.91128 -1.99477 1.81726 8.15889 10
-7.01201 -4.17122 1.8193 8.15889 10
-7.03153 -4.13823 1.82135 8.15889 10
7.90182 -2.03191 1.82339 8.15889 10
-7.10673 -4.09309 1.82544 8.20116 10
7.93308 -2.07973 1.82748 8.20116 10
-7.14487 -4.02615 1.82953 8.20116 10
7.92322 -2.11696 1.83157 8.20116 10
-7.18237 -3.95885 1.83362 8.20116 10
-7.20089 -3.92508 1.83566 8.20116 10
7.91319 -2.15416 1.83771 8.20116 10
-7.23744 -3.85726 1.83975 8.20116 10
7.90299 -2.1913 1.8418 8.20116 10
-7.31085 -3.80863 1.84384 8.24343 10
7.93329 -2.23989 1.84589 8.24343 10
-7.34631 -3.73978 1.84794 8.24343 10
-7.36379 -3.70523 1.84998 8.24343 10
7.92268 -2.27713 1.85203 8.24343 10
-7.39828 -3.63589 1.85407 8.24343 10
7.9119 -2.31431 1.85612 8.24343 10
-7.47022 -3.58452 1.85816 8.28571 10
7.94146 -2.36351 1.86021 8.28571 10
-7.50356 -3.51419 1.86225 8.28571 10
7.93027 -2.40079 1.8643 8.28571 10
-7.53624 -3.44354 1.86634 8.28571 10
-7.55234 -3.4081 1.86839 8.28571 10
7.91891 -2.43801 1.87043 8.28571 10
-7.62271 -3.35403 1.87248 8.32798 10
7.94771 -2.48781 1.87452 8.32798 10
-7.65388 -3.28228 1.87657 8.32798 10
7.93594 -2.52511 1.87862 8.32798 10
-7.68438 -3.21023 1.88066 8.32798 10
-7.69938 -3.1741 1.88271 8.32798 10
7.92399 -2.56236 1.88475 8.32798 10
-7.76809 -3.11738 1.8868 8.37026 10
7.95203 -2.61275 1.88884 8.37026 10
-7.79703 -3.04426 1.89089 8.37026 10
7.93967 -2.65007 1.89293 8.37026 10
-7.82528 -2.97088 1.89498 8.37026 10
-7.83915 -2.93409 1.89702 8.37026 10
7.92713 -2.68733 1.89907 8.37026 10
-7.9061 -2.87477 1.90111 8.41253 10
7.9544 -2.7383 1.90316 8.41253 10
-7.93276 -2.80037 1.9052 8.41253 10
7.94145 -2.77563 1.90725 8.41253 10
-7.95871 -2.72573 1.90929 8.41253 10
7.92832 -2.8129 1.91134 8.41253 10
-8.02409 -2.66416 1.91339 8.45481 10
-8.03652 -2.62644 1.91543 8.45481 10
7.9548 -2.86444 1.91748 8.45481 10
-8.06083 -2.55083 1.91952 8.45481 10
7.94125 -2.90177 1.92157 8.45481 10
-8.08444 -2.47499 1.92361 8.45481 10
7.92754 -2.93904 1.92566 8.45481 10
-8.14787 -2.41093 1.9277 8.49708 10
-8.1591 -2.37263 1.92975 8.49708 10
7.95321 -2.99112 1.93179 8.49708 10
-8.18103 -2.29588 1.93384 8.49708 10
7.93907 -3.02845 1.93588 8.49708 10
-8.24305 -2.22997 1.93793 8.53936 10
7.96419 -3.08096 1.93997 8.53936 10
-8.26363 -2.15243 1.94202 8.53936 10
7.94963 -3.11833 1.94406 8.53936 10
-8.28349 -2.07471 1.94611 8.53936 10
-8.29314 -2.03578 1.94816 8.53936 10
7.93489 -3.15564 1.9502 8.53936 10
-8.35305 -1.96747 1.95225 8.58163 10
7.95919 -3.20868 1.95429 8.58163 10
-8.37116 -1.88891 1.95634 8.58163 10
7.94403 -3.24603 1.95838 8.58163 10
-8.42986 -1.81911 1.96043 8.6239 10
-8.43831 -1.77949 1.96247 8.6239 10
7.96776 -3.29948 1.96452 8.6239 10
-8.45466 -1.70014 1.96656 8.6239 10
7.95217 -3.33687 1.96861 8.6239 10
-8.51178 -1.62859 1.97065 8.66618 10
7.97531 -3.39073 1.9727 8.66618 10
-8.5267 -1.54856 1.97474 8.66618 10
-8.53388 -1.50849 1.97679 8.66618 10
7.9593 -3.42815 1.97884 8.66618 10
-8.54768 -1.42825 1.98088 8.66618 10
7.94311 -3.4655 1.98293 8.66618 10
-8.60248 -1.35447 1.98497 8.70845 10
7.96541 -3.51986 1.98702 8.70845 10
-8.61482 -1.27359 1.98906 8.70845 10
7.94879 -3.55723 1.99111 8.70845 10
-8.66828 -1.1984 1.99315 8.75073 10
-8.67381 -1.15767 1.9952 8.75073 10
7.9705 -3.61198 1.99724 8.75073 10
-8.68431 -1.07613 1.99929 8.75073 10
7.95344 -3.64938 2.00133 8.75073 10
-8.73603 -0.99931 2.00338 8.793 10
7.97456 -3.70451 2.00542 8.793 10
-8.74503 -0.9172 2.00747 8.793 10
-8.74925 -0.876111 2.00951 8.793 10
7.95707 -3.74192 2.01156 8.793 10
-8.79919 -0.797699 2.01361 8.83528 10
7.97757 -3.79743 2.01565 8.83528 10
-8.8063 -0.715003 2.0177 8.83528 10
7.95965 -3.83486 2.01974 8.83528 10
-8.85479 -0.635271 2.02179 8.87755 10
7.97955 -3.89073 2.02383 8.87755 10
-8.86037 -0.55206 2.02588 8.87755 10
-8.86286 -0.510434 2.02792 8.87755 10
7.96118 -3.92816 2.02997 8.87755 10
-8.9095 -0.429188 2.03201 8.91983 10
7.98047 -3.9844 2.03406 8.91983 10
-8.91313 -0.345473 2.0361 8.91983 10
7.96166 -4.02184 2.03815 8.91983 10
-8.95824 -0.262964 2.04019 8.9621 10
-8.95938 -0.220886 2.04224 8.9621 10
7.98033 -4.07843 2.04429 8.9621 10
-8.96106 -0.136711 2.04633 8.9621 10
7.96108 -4.11587 2.04838 8.9621 10
0 0 2.05042 0 -1
0.661413 5.93157 2.05247 0 -1
0 0 2.05451 0 -1
0 0 2.05656 0 -1
0.661413 5.93157 2.0586 0 -1
0 0 2.06065 0 -1
0.661413 5.93157 2.06269 0 -1
0 0 2.06474 0 -1
0.661413 5.93157 2.06678 0 -1
0 0 2.06883 0 -1
0.661413 5.93157 2.07087 0 -1
0 0 2.07292 0 -1
0 0 2.07496 0 -1
0.661413 5.93157 2.07701 0 -1
0 0 2.07906 0 -1
0.661413 5.93157 2.0811 0 -1
0 0 2.08315 0 -1
0.661413 5.93157 2.08519 0 -1
0 0 2.08724 0 -1
0 0 2.08928 0 -1
0.661413 5.93157 2.09133 0 -1
0 0 2.09337 0 -1
0.661413 5.93157 2.09542 0 -1
0 0 2.09746 0 -1
0.661413 5.93157 2.09951 0 -1
0 0 2.10155 0 -1
0 0 2.1036 0 -1
0.661413 5.93157 2.10564 0 -1
0 0 2.10769 0 -1
0.661413 5.93157 2.10974 0 -1
0 0 2.11178 0 -1
0.661413 5.93157 2.11383 0 -1
0 0 2.11587 0 -1
0.661413 5.93157 2.11792 0 -1
0 0 2.11996 0 -1
0 0 2.12201 0 -1
0.661413 5.93157 2.12405 0 -1
0 0 2.1261 0 -1
0.661413 5.93157 2.12814 0 -1
0 0 2.13019 0 -1
0.661413 5.93157 2.13223 0 -1
0 0 2.13428 0 -1
0 0 2.13632 0 -1
0.661413 5.93157 2.13837 0 -1
0 0 2.14041 0 -1
0.661413 5.93157 2.14246 0 -1
0 0 2.14451 0 -1
0.661413 5.93157 2.14655 0 -1
0 0 2.1486 0 -1
0.661413 5.93157 2.15064 0 -1
0 0 2.15269 0 -1
0 0 2.15473 0 -1
0.661413 5.93157 2.15678 0 -1
0 0 2.15882 0 -1
0.661413 5.93157 2.16087 0 -1
0 0 2.16291 0 -1
0.661413 5.93157 2.16496 0 -1
0 0 2.167 0 -1
0 0 2.16905 0 -1
0.661413 5.93157 2.17109 0 -1
0 0 2.17314 0 -1
0.661413 5.93157 2.17518 0 -1
0 0 2.17723 0 -1
0.661413 5.93157 2.17928 0 -1
0 0 2.18132 0 -1
0 0 2.18337 0 -1
0.661413 5.93157 2.18541 0 -1
0 0 2.18746 0 -1
0.661413 5.93157 2.1895 0 -1
0 0 2.19155 0 -1
0.661413 5.93157 2.19359 0 -1
0 0 2.19564 0 -1
0.661413 5.93157 2.19768 0 -1
0 0 2.19973 0 -1
0 0 2.20177 0 -1
0.661413 5.93157 2.20382 0 -1
0 0 2.20586 0 -1
0.661413 5.93157 2.20791 0 -1
0 0 2.20995 0 -1
0.661413 5.93157 2.212 0 -1
0 0 2.21405 0 -1
0 0 2.21609 0 -1
0.661413 5.93157 2.21814 0 -1
0 0 2.22018 0 -1
0.661413 5.93157 2.22223 0 -1
0 0 2.22427 0 -1
0.661413 5.93157 2.22632 0 -1
0 0 2.22836 0 -1
0 0 2.23041 0 -1
0.661413 5.93157 2.23245 0 -1
0 0 2.2345 0 -1
0.661413 5.93157 2.23654 0 -1
0 0 2.23859 0 -1
0.661413 5.93157 2.24063 0 -1
0 0 2.24268 0 -1
0.661413 5.93157 2.24473 0 -1
0 0 2.24677 0 -1
0 0 2.24882 0 -1
0.661413 5.93157 2.25086 0 -1
0 0 2.25291 0 -1
0.661413 5.93157 2.25495 0 -1
0 0 2.257 0 -1
0.661413 5.93157 2.25904 0 -1
0 0 2.26109 0 -1
0 0 2.26313 0 -1
0.661413 5.93157 2.26518 0 -1
0 0 2.26722 0 -1
0.661413 5.93157 2.26927 0 -1
0 0 2.27131 0 -1
0.661413 5.93157 2.27336 0 -1
0 0 2.2754 0 -1
0.661413 5.93157 2.27745 0 -1
0 0 2.2795 0 -1
0 0 2.28154 0 -1
0.661413 5.93157 2.28359 0 -1
0 0 2.28563 0 -1
0.661413 5.93157 2.28768 0 -1
0 0 2.28972 0 -1
0.661413 5.93157 2.29177 0 -1
0 0 2.29381 0 -1
0 0 2.29586 0 -1
0.661413 5.93157 2.2979 0 -1
0 0 2.29995 0 -1
0.661413 5.93157 2.30199 0 -1
0 0 2.30404 0 -1
0.661413 5.93157 2.30608 0 -1
0 0 2.30813 0 -1
0 0 2.31018 0 -1
0.661413 5.93157 2.31222 0 -1
0 0 2.31427 0 -1
0.661413 5.93157 2.31631 0 -1
0 0 2.31836 0 -1
0.661413 5.93157 2.3204 0 -1
0 0 2.32245 0 -1
0.661413 5.93157 2.32449 0 -1
0 0 2.32654 0 -1
0 0 2.32858 0 -1
0.661413 5.93157 2.33063 0 -1
0 0 2.33267 0 -1
0.661413 5.93157 2.33472 0 -1
0 0 2.33676 0 -1
0.661413 5.93157 2.33881 0 -1
0 0 2.34085 0 -1
0 0 2.3429 0 -1
0.661413 5.93157 2.34495 0 -1
0 0 2.34699 0 -1
0.661413 5.93157 2.34904 0 -1
0 0 2.35108 0 -1
0.661413 5.93157 2.35313 0 -1
0 0 2.35517 0 -1
0.661413 5.93157 2.35722 0 -1
0 0 2.35926 0 -1
0 0 2.36131 0 -1
0.661413 5.93157 2.36335 0 -1
0 0 2.3654 0 -1
0.661413 5.93157 2.36744 0 -1
0 0 2.36949 0 -1
0.661413 5.93157 2.37153 0 -1
0 0 2.37358 0 -1
0 0 2.37562 0 -1
0.661413 5.93157 2.37767 0 -1
0 0 2.37972 0 -1
0.661413 5.93157 2.38176 0 -1
0 0 2.38381 0 -1
0.661413 5.93157 2.38585 0 -1
0 0 2.3879 0 -1
0 0 2.38994 0 -1
0.661413 5.93157 2.39199 0 -1
0 0 2.39403 0 -1
0.661413 5.93157 2.39608 0 -1
0 0 2.39812 0 -1
0.661413 5.93157 2.40017 0 -1
0 0 2.40221 0 -1
0.661413 5.93157 2.40426 0 -1
0 0 2.4063 0 -1
0 0 2.40835 0 -1
0.661413 5.93157 2.4104 0 -1
0 0 2.41244 0 -1
0.661413 5.93157 2.41449 0 -1
0 0 2.41653 0 -1
0.661413 5.93157 2.41858 0 -1
0 0 2.42062 0 -1
0 0 2.42267 0 -1
0.661413 5.93157 2.42471 0 -1
0 0 2.42676 0 -1
0.661413 5.93157 2.4288 0 -1
0 0 2.43085 0 -1
0.661413 5.93157 2.43289 0 -1
0 0 2.43494 0 -1
0 0 2.43698 0 -1
0.661413 5.93157 2.43903 0 -1
0 0 2.44107 0 -1
0.661413 5.93157 2.44312 0 -1
0 0 2.44517 0 -1
0.661413 5.93157 2.44721 0 -1
0 0 2.44926 0 -1
0.661413 5.93157 2.4513 0 -1
0 0 2.45335 0 -1
0 0 2.45539 0 -1
0.661413 5.93157 2.45744 0 -1
0 0 2.45948 0 -1
0.661413 5.93157 2.46153 0 -1
0 0 2.46357 0 -1
0.661413 5.93157 2.46562 0 -1
0 0 2.46766 0 -1
0 0 2.46971 0 -1
0.661413 5.93157 2.47175 0 -1
0 0 2.4738 0 -1
0.661413 5.93157 2.47585 0 -1
0 0 2.47789 0 -1
0.661413 5.93157 2.47994 0 -1
0 0 2.48198 0 -1
0.661413 5.93157 2.48403 0 -1
0 0 2.48607 0 -1
0 0 2.48812 0 -1
0.661413 5.93157 2.49016 0 -1
0 0 2.49221 0 -1
0.661413 5.93157 2.49425 0 -1
0 0 2.4963 0 -1
0.661413 5.93157 2.49834 0 -1
0 0 2.50039 0 -1
0 0 2.50243 0 -1
0.661413 5.93157 2.50448 0 -1
0 0 2.50652 0 -1
0.661413 5.93157 2.50857 0 -1
0 0 2.51062 0 -1
0.661413 5.93157 2.51266 0 -1
0 0 2.51471 0 -1
0 0 2.51675 0 -1
0.661413 5.93157 2.5188 0 -1
0 0 2.52084 0 -1
0.661413 5.93157 2.52289 0 -1
0 0 2.52493 0 -1
0.661413 5.93157 2.52698 0 -1
0 0 2.52902 0 -1
0.661413 5.93157 2.53107 0 -1
0 0 2.53311 0 -1
0 0 2.53516 0 -1
0.661413 5.93157 2.5372 0 -1
0 0 2.53925 0 -1
0.661413 5.93157 2.54129 0 -1
0 0 2.54334 0 -1
0.661413 5.93157 2.54539 0 -1
0 0 2.54743 0 -1
0 0 2.54948 0 -1
0.661413 5.93157 2.55152 0 -1
0 0 2.55357 0 -1
0.661413 5.93157 2.55561 0 -1
0 0 2.55766 0 -1
0.661413 5.93157 2.5597 0 -1
0 0 2.56175 0 -1
0 0 2.56379 0 -1
0.661413 5.93157 2.56584 0 -1
0 0 2.56788 0 -1
0.661413 5.93157 2.56993 0 -1
0 0 2.57197 0 -1
0.661413 5.93157 2.57402 0 -1
0 0 2.57607 0 -1
0.661413 5.93157 2.57811 0 -1
0 0 2.58016 0 -1
0 0 2.5822 0 -1
0.661413 5.93157 2.58425 0 -1
0 0 2.58629 0 -1
0.661413 5.93157 2.58834 0 -1
0 0 2.59038 0 -1
0.661413 5.93157 2.59243 0 -1
0 0 2.59447 0 -1
0 0 2.59652 0 -1
0.661413 5.93157 2.59856 0 -1
0 0 2.60061 0 -1
0.661413 5.93157 2.60265 0 -1
0 0 2.6047 0 -1
0.661413 5.93157 2.60674 0 -1
0 0 2.60879 0 -1
0.661413 5.93157 2.61084 0 -1
0 0 2.61288 0 -1
0 0 2.61493 0 -1
0.661413 5.93157 2.61697 0 -1
0 0 2.61902 0 -1
0.661413 5.93157 2.62106 0 -1
0 0 2.62311 0 -1
0.661413 5.93157 2.62515 0 -1
0 0 2.6272 0 -1
0 0 2.62924 0 -1
0.661413 5.93157 2.63129 0 -1
0 0 2.63333 0 -1
0.661413 5.93157 2.63538 0 -1
0 0 2.63742 0 -1
0.661413 5.93157 2.63947 0 -1
0 0 2.64152 0 -1
0 0 2.64356 0 -1
0.661413 5.93157 2.64561 0 -1
0 0 2.64765 0 -1
0.661413 5.93157 2.6497 0 -1
0 0 2.65174 0 -1
0.661413 5.93157 2.65379 0 -1
0 0 2.65583 0 -1
0.661413 5.93157 2.65788 0 -1
0 0 2.65992 0 -1
0 0 2.66197 0 -1
0.661413 5.93157 2.66401 0 -1
0 0 2.66606 0 -1
0.661413 5.93157 2.6681 0 -1
0 0 2.67015 0 -1
0.661413 5.93157 2.67219 0 -1
0 0 2.67424 0 -1
0 0 2.67629 0 -1
0.661413 5.93157 2.67833 0 -1
0 0 2.68038 0 -1
0.661413 5.93157 2.68242 0 -1
0 0 2.68447 0 -1
0.661413 5.93157 2.68651 0 -1
0 0 2.68856 0 -1
0.661413 5.93157 2.6906 0 -1
0 0 2.69265 0 -1
0 0 2.69469 0 -1
0.661413 5.93157 2.69674 0 -1
0 0 2.69878 0 -1
0.661413 5.93157 2.70083 0 -1
0 0 2.70287 0 -1
0.661413 5.93157 2.70492 0 -1
0 0 2.70696 0 -1
0 0 2.70901 0 -1
0.661413 5.93157 2.71106 0 -1
0 0 2.7131 0 -1
0.661413 5.93157 2.71515 0 -1
0 0 2.71719 0 -1
0.661413 5.93157 2.71924 0 -1
0 0 2.72128 0 -1
0 0 2.72333 0 -1
0.661413 5.93157 2.72537 0 -1
0 0 2.72742 0 -1
0.661413 5.93157 2.72946 0 -1
0 0 2.73151 0 -1
0.661413 5.93157 2.73355 0 -1
0 0 2.7356 0 -1
0.661413 5.93157 2.73764 0 -1
0 0 2.73969 0 -1
0 0 2.74173 0 -1
0.661413 5.93157 2.74378 0 -1
0 0 2.74583 0 -1
0.661413 5.93157 2.74787 0 -1
0 0 2.74992 0 -1
0.661413 5.93157 2.75196 0 -1
0 0 2.75401 0 -1
0 0 2.75605 0 -1
0.661413 5.93157 2.7581 0 -1
0 0 2.76014 0 -1
0.661413 5.93157 2.76219 0 -1
0 0 2.76423 0 -1
0.661413 5.93157 2.76628 0 -1
0 0 2.76832 0 -1
0 0 2.77037 0 -1
0.661413 5.93157 2.77241 0 -1
0 0 2.77446 0 -1
0.661413 5.93157 2.77651 0 -1
0 0 2.77855 0 -1
0.661413 5.93157 2.7806 0 -1
0 0 2.78264 0 -1
0.661413 5.93157 2.78469 0 -1
0 0 2.78673 0 -1
0 0 2.78878 0 -1
0.661413 5.93157 2.79082 0 -1
0 0 2.79287 0 -1
0.661413 5.93157 2.79491 0 -1
0 0 2.79696 0 -1
0.661413 5.93157 2.799 0 -1
0 0 2.80105 0 -1
0 0 2.80309 0 -1
0.661413 5.93157 2.80514 0 -1
0 0 2.80718 0 -1
0.661413 5.93157 2.80923 0 -1
0 0 2.81128 0 -1
0.661413 5.93157 2.81332 0 -1
0 0 2.81537 0 -1
0.661413 5.93157 2.81741 0 -1
0 0 2.81946 0 -1
0 0 2.8215 0 -1
0.661413 5.93157 2.82355 0 -1
0 0 2.82559 0 -1
0.661413 5.93157 2.82764 0 -1
0 0 2.82968 0 -1
0.661413 5.93157 2.83173 0 -1
0 0 2.83377 0 -1
0 0 2.83582 0 -1
0.661413 5.93157 2.83786 0 -1
0 0 2.83991 0 -1
0.661413 5.93157 2.84196 0 -1
0 0 2.844 0 -1
0.661413 5.93157 2.84605 0 -1
0 0 2.84809 0 -1
0 0 2.85014 0 -1
0.661413 5.93157 2.85218 0 -1
0 0 2.85423 0 -1
0.661413 5.93157 2.85627 0 -1
0 0 2.85832 0 -1
0.661413 5.93157 2.86036 0 -1
0 0 2.86241 0 -1
0.661413 5.93157 2.86445 0 -1
0 0 2.8665 0 -1
0 0 2.86854 0 -1
0.661413 5.93157 2.87059 0 -1
0 0 2.87263 0 -1
0.661413 5.93157 2.87468 0 -1
0 0 2.87673 0 -1
0.661413 5.93157 2.87877 0 -1
0 0 2.88082 0 -1
0 0 2.88286 0 -1
0.661413 5.93157 2.88491 0 -1
0 0 2.88695 0 -1
0.661413 5.93157 2.889 0 -1
0 0 2.89104 0 -1
0.661413 5.93157 2.89309 0 -1
0 0 2.89513 0 -1
0 0 2.89718 0 -1
0.661413 5.93157 2.89922 0 -1
0 0 2.90127 0 -1
0.661413 5.93157 2.90331 0 -1
0 0 2.90536 0 -1
0.661413 5.93157 2.9074 0 -1
0 0 2.90945 0 -1
0.661413 5.93157 2.9115 0 -1
0 0 2.91354 0 -1
0 0 2.91559 0 -1
0.661413 5.93157 2.91763 0 -1
0 0 2.91968 0 -1
0.661413 5.93157 2.92172 0 -1
0 0 2.92377 0 -1
0.661413 5.93157 2.92581 0 -1
0 0 2.92786 0 -1
0 0 2.9299 0 -1
0.661413 5.93157 2.93195 0 -1
0 0 2.93399 0 -1
0.661413 5.93157 2.93604 0 -1
0 0 2.93808 0 -1
0.661413 5.93157 2.94013 0 -1
0 0 2.94218 0 -1
0.661413 5.93157 2.94422 0 -1
0 0 2.94627 0 -1
0 0 2.94831 0 -1
0.661413 5.93157 2.95036 0 -1
4.1351 7.66408 2.9524 8.70845 10
1.61982 -8.55648 2.95445 8.70845 10
4.20691 7.6249 2.95649 8.70845 10
1.57961 -8.56399 2.95854 8.70845 10
4.27836 7.58504 2.96058 8.70845 10
4.31394 7.56486 2.96263 8.70845 10
1.53937 -8.57132 2.96467 8.70845 10
4.38482 7.524 2.96672 8.70845 10
1.49909 -8.57845 2.96876 8.70845 10
4.4553 7.48248 2.97081 8.70845 10
1.45878 -8.5854 2.97285 8.70845 10
4.5254 7.44029 2.9749 8.70845 10
4.5603 7.41895 2.97695 8.70845 10
1.41844 -8.59216 2.97899 8.70845 10
4.60731 7.33998 2.98104 8.66618 10
1.37137 -8.55699 2.98308 8.66618 10
4.67606 7.29638 2.98513 8.66618 10
1.33117 -8.56333 2.98717 8.66618 10
4.7444 7.25213 2.98922 8.66618 10
1.29093 -8.56949 2.99126 8.66618 10
4.81232 7.20724 2.99331 8.66618 10
4.84612 7.18455 2.99535 8.66618 10
1.25066 -8.57546 2.9974 8.66618 10
4.9134 7.13871 2.99944 8.66618 10
1.21037 -8.58124 3.00149 8.66618 10
4.98024 7.09224 3.00353 8.66618 10
1.17005 -8.58683 3.00558 8.66618 10
5.04665 7.04514 3.00763 8.66618 10
5.07968 7.02136 3.00967 8.66618 10
1.1297 -8.59223 3.01172 8.66618 10
5.14542 6.97333 3.01376 8.66618 10
1.08933 -8.59744 3.01581 8.66618 10
5.2107 6.92468 3.01785 8.66618 10
1.04894 -8.60246 3.0199 8.66618 10
5.24979 6.84189 3.02194 8.6239 10
1.0036 -8.56531 3.02399 8.6239 10
5.31383 6.79227 3.02603 8.6239 10
5.34568 6.76724 3.02808 8.6239 10
0.963354 -8.56993 3.03012 8.6239 10
5.40901 6.71672 3.03217 8.6239 10
0.92309 -8.57436 3.03421 8.6239 10
5.47187 6.66561 3.03626 8.6239 10
0.882805 -8.5786 3.0383 8.6239 10
5.53425 6.61391 3.04035 8.6239 10
5.56525 6.58784 3.0424 8.6239 10
0.842501 -8.58265 3.04444 8.6239 10
5.62689 6.53527 3.04649 8.6239 10
0.802176 -8.58652 3.04853 8.6239 10
5.68804 6.48213 3.05058 8.6239 10
0.761836 -8.59019 3.05262 8.6239 10
5.74868 6.4284 3.05467 8.6239 10
5.77881 6.40133 3.05671 8.6239 10
0.721479 -8.59367 3.05876 8.6239 10
5.83869 6.34676 3.0608 8.6239 10
0.681106 -8.59697 3.06285 8.6239 10
5.89806 6.29163 3.06489 8.6239 10
0.640718 -8.60007 3.06694 8.6239 10
5.9569 6.23595 3.06898 8.6239 10
0.600314 -8.60298 3.07103 8.6239 10
6.01522 6.17971 3.07307 8.6239 10
6.04418 6.15139 3.07512 8.6239 10
0.559898 -8.60571 3.07717 8.6239 10
6.1017 6.09434 3.07921 8.6239 10
0.519471 -8.60825 3.08126 8.6239 10
6.15868 6.03675 3.0833 8.6239 10
0.479031 -8.61059 3.08535 8.6239 10
6.21512 5.97863 3.08739 8.6239 10
6.24313 5.94937 3.08944 8.6239 10
0.438579 -8.61275 3.09148 8.6239 10
6.29875 5.89046 3.09353 8.6239 10
0.39812 -8.61471 3.09557 8.6239 10
6.35381 5.83103 3.09762 8.6239 10
0.357652 -8.61649 3.09966 8.6239 10
6.4083 5.77108 3.10171 8.6239 10
6.43534 5.74092 3.10375 8.6239 10
0.317175 -8.61807 3.1058 8.6239 10
6.48899 5.68021 3.10785 8.6239 10
0.276692 -8.61946 3.10989 8.6239 10
6.54206 5.619 3.11194 8.6239 10
0.236201 -8.62067 3.11398 8.6239 10
6.59456 5.55729 3.11603 8.6239 10
0.195707 -8.62168 3.11807 8.6239 10
6.64647 5.4951 3.12012 8.6239 10
6.67221 5.46382 3.12216 8.6239 10
0.155208 -8.62251 3.12421 8.6239 10
6.72325 5.4009 3.12625 8.6239 10
0.114706 -8.62314 3.1283 8.6239 10
6.77368 5.3375 3.13034 8.6239 10
0.0742009 -8.62358 3.13239 8.6239 10
6.82353 5.27363 3.13443 8.6239 10
6.84822 5.24152 3.13648 8.6239 10
0.0336925 -8.62384 3.13852 8.6239 10
6.89716 5.17696 3.14057 8.6239 10
-0.0068146 -8.6239 3.14262 8.6239 10
6.94549 5.11194 3.14466 8.6239 10
-0.0473216 -8.62378 3.14671 8.6239 10
6.9932 5.04647 3.14875 8.6239 10
-0.0878277 -8.62346 3.1508 8.6239 10
7.0403 4.98055 3.15284 8.6239 10
7.06362 4.94743 3.15489 8.6239 10
-0.128332 -8.62295 3.15693 8.6239 10
7.10978 4.88085 3.15898 8.6239 10
-0.168835 -8.62225 3.16102 8.6239 10
7.15532 4.81384 3.16307 8.6239 10
-0.209332 -8.62136 3.16511 8.6239 10
7.20023 4.74641 3.16716 8.6239 10
7.22244 4.71254 3.1692 8.6239 10
-0.249825 -8.62029 3.17125 8.6239 10
7.2664 4.64448 3.1733 8.6239 10
-0.290312 -8.61902 3.17534 8.6239 10
7.30971 4.57602 3.17739 8.6239 10
-0.330793 -8.61756 3.17943 8.6239 10
7.35237 4.50715 3.18148 8.6239 10
7.37346 4.47256 3.18352 8.6239 10
-0.371269 -8.61591 3.18557 8.6239 10
7.41515 4.4031 3.18761 8.6239 10
-0.411734 -8.61407 3.18966 8.6239 10
7.45619 4.33325 3.1917 8.6239 10
-0.452191 -8.61204 3.19375 8.6239 10
7.53331 4.28391 3.19579 8.66618 10
-0.495052 -8.65203 3.19784 8.66618 10
7.57322 4.21295 3.19988 8.66618 10
7.59293 4.17733 3.20193 8.66618 10
-0.535688 -8.64961 3.20397 8.66618 10
7.63184 4.10582 3.20602 8.66618 10
-0.576309 -8.647 3.20807 8.66618 10
7.67007 4.03394 3.21011 8.66618 10
-0.616919 -8.64419 3.21216 8.66618 10
7.70763 3.96171 3.2142 8.66618 10
7.72615 3.92546 3.21625 8.66618 10
-0.657514 -8.6412 3.21829 8.66618 10
7.76269 3.85271 3.22034 8.66618 10
-0.698095 -8.63802 3.22238 8.66618 10
7.79854 3.77961 3.22443 8.66618 10
-0.738663 -8.63464 3.22647 8.66618 10
7.8337 3.70619 3.22852 8.66618 10
7.85102 3.66935 3.23056 8.66618 10
-0.779212 -8.63108 3.23261 8.66618 10
7.88514 3.59544 3.23465 8.66618 10
-0.819744 -8.62732 3.2367 8.66618 10
7.91857 3.5212 3.23874 8.66618 10
-0.860259 -8.62337 3.24079 8.66618 10
7.99009 3.46347 3.24284 8.70845 10
-0.905148 -8.66129 3.24488 8.70845 10
8.02227 3.38826 3.24693 8.70845 10
8.0381 3.35054 3.24897 8.70845 10
-0.945822 -8.65694 3.25102 8.70845 10
8.06922 3.27488 3.25306 8.70845 10
-0.986474 -8.6524 3.25511 8.70845 10
8.09963 3.19894 3.25715 8.70845 10
-1.0271 -8.64767 3.2592 8.70845 10
8.12932 3.1227 3.26124 8.70845 10
8.1439 3.08449 3.26329 8.70845 10
-1.06771 -8.64275 3.26533 8.70845 10
8.17252 3.00785 3.26738 8.70845 10
-1.10829 -8.63764 3.26942 8.70845 10
8.24022 2.94516 3.27147 8.75073 10
-1.15443 -8.67425 3.27351 8.75073 10
8.26752 2.86763 3.27556 8.75073 10
-1.19516 -8.66873 3.27761 8.75073 10
8.2941 2.78983 3.27965 8.75073 10
8.30711 2.75084 3.2817 8.75073 10
-1.23587 -8.66302 3.28374 8.75073 10
8.33259 2.67268 3.28579 8.75073 10
-1.27655 -8.65712 3.28783 8.75073 10
8.35733 2.59429 3.28988 8.75073 10
-1.3172 -8.65102 3.29192 8.75073 10
8.38133 2.51567 3.29397 8.75073 10
8.39305 2.47627 3.29601 8.75073 10
-1.35782 -8.64474 3.29806 8.75073 10
8.4566 2.4089 3.3001 8.793 10
-1.40516 -8.68 3.30215 8.793 10
8.47886 2.32935 3.30419 8.793 10
-1.44592 -8.67331 3.30624 8.793 10
8.50037 2.2496 3.30829 8.793 10
8.51084 2.20964 3.31033 8.793 10
-1.48664 -8.66642 3.31238 8.793 10
8.53122 2.12959 3.31442 8.793 10
-1.52733 -8.65934 3.31647 8.793 10
8.55085 2.04936 3.31851 8.793 10
-1.56799 -8.65207 3.32056 8.793 10
8.61093 1.9784 3.3226 8.83528 10
-1.61635 -8.68617 3.32465 8.83528 10
8.62913 1.89742 3.32669 8.83528 10
8.63795 1.85687 3.32874 8.83528 10
-1.65713 -8.67848 3.33078 8.83528 10
8.65501 1.77564 3.33283 8.83528 10
-1.69787 -8.6706 3.33487 8.83528 10
8.67131 1.69426 3.33692 8.83528 10
-1.73858 -8.66253 3.33896 8.83528 10
8.68684 1.61272 3.34101 8.83528 10
8.69432 1.5719 3.34306 8.83528 10
-1.77925 -8.65427 3.3451 8.83528 10
8.75037 1.49729 3.34715 8.87755 10
-1.82859 -8.68719 3.34919 8.87755 10
8.76405 1.41502 3.35124 8.87755 10
-1.86937 -8.6785 3.35328 8.87755 10
8.77696 1.33263 3.35533 8.87755 10
-1.91012 -8.66962 3.35737 8.87755 10
8.78909 1.25011 3.35942 8.87755 10
8.79487 1.20882 3.36146 8.87755 10
-1.95082 -8.66055 3.36351 8.87755 10
8.84777 1.13151 3.36555 8.91983 10
-2.00096 -8.6925 3.3676 8.91983 10
8.85801 1.04834 3.36964 8.91983 10
-2.04177 -8.683 3.37169 8.91983 10
8.86746 0.96508 3.37374 8.91983 10
8.8719 0.923421 3.37578 8.91983 10
-2.08253 -8.67331 3.37783 8.91983 10
8.92227 0.844014 3.37987 8.9621 10
-2.13331 -8.7045 3.38192 8.9621 10
8.9298 0.760161 3.38396 8.9621 10
-2.17417 -8.69438 3.38601 8.9621 10
8.93655 0.676241 3.38805 8.9621 10
8.93963 0.634255 3.3901 8.9621 10
-2.21499 -8.68407 3.39214 8.9621 10
8.94519 0.550248 3.39419 8.9621 10
-2.25575 -8.67357 3.39623 8.9621 10
0 0 3.39828 0 -1
0.661413 5.93157 3.40032 0 -1
0 0 3.40237 0 -1
0.661413 5.93157 3.40441 0 -1
0 0 3.40646 0 -1
0 0 3.40851 0 -1
0.661413 5.93157 3.41055 0 -1
0 0 3.4126 0 -1
0.661413 5.93157 3.41464 0 -1
0 0 3.41669 0 -1
0.661413 5.93157 3.41873 0 -1
0 0 3.42078 0 -1
0 0 3.42282 0 -1
0.661413 5.93157 3.42487 0 -1
0 0 3.42691 0 -1
0.661413 5.93157 3.42896 0 -1
0 0 3.431 0 -1
0.661413 5.93157 3.43305 0 -1
0 0 3.43509 0 -1
0 0 3.43714 0 -1
0.661413 5.93157 3.43918 0 -1
0 0 3.44123 0 -1
0.661413 5.93157 3.44328 0 -1
0 0 3.44532 0 -1
0.661413 5.93157 3.44737 0 -1
0 0 3.44941 0 -1
0.661413 5.93157 3.45146 0 -1
0 0 3.4535 0 -1
0 0 3.45555 0 -1
0.661413 5.93157 3.45759 0 -1
0 0 3.45964 0 -1
0.661413 5.93157 3.46168 0 -1
0 0 3.46373 0 -1
0.661413 5.93157 3.46577 0 -1
0 0 3.46782 0 -1
0 0 3.46986 0 -1
0.661413 5.93157 3.47191 0 -1
0 0 3.47396 0 -1
0.661413 5.93157 3.476 0 -1
0 0 3.47805 0 -1
0.661413 5.93157 3.48009 0 -1
0 0 3.48214 0 -1
0.661413 5.93157 3.48418 0 -1
0 0 3.48623 0 -1
0 0 3.48827 0 -1
0.661413 5.93157 3.49032 0 -1
0 0 3.49236 0 -1
0.661413 5.93157 3.49441 0 -1
0 0 3.49645 0 -1
0.661413 5.93157 3.4985 0 -1
0 0 3.50054 0 -1
0 0 3.50259 0 -1
0.661413 5.93157 3.50463 0 -1
0 0 3.50668 0 -1
0.661413 5.93157 3.50873 0 -1
0 0 3.51077 0 -1
0.661413 5.93157 3.51282 0 -1
0 0 3.51486 0 -1
0 0 3.51691 0 -1
0.661413 5.93157 3.51895 0 -1
0 0 3.521 0 -1
0.661413 5.93157 3.52304 0 -1
0 0 3.52509 0 -1
0.661413 5.93157 3.52713 0 -1
0 0 3.52918 0 -1
0.661413 5.93157 3.53122 0 -1
0 0 3.53327 0 -1
0 0 3.53531 0 -1
0.661413 5.93157 3.53736 0 -1
0 0 3.53941 0 -1
0.661413 5.93157 3.54145 0 -1
0 0 3.5435 0 -1
0.661413 5.93157 3.54554 0 -1
0 0 3.54759 0 -1
0 0 3.54963 0 -1
0.661413 5.93157 3.55168 0 -1
0 0 3.55372 0 -1
0.661413 5.93157 3.55577 0 -1
0 0 3.55781 0 -1
0.661413 5.93157 3.55986 0 -1
0 0 3.5619 0 -1
0 0 3.56395 0 -1
0.661413 5.93157 3.56599 0 -1
0 0 3.56804 0 -1
0.661413 5.93157 3.57008 0 -1
0 0 3.57213 0 -1
0.661413 5.93157 3.57418 0 -1
0 0 3.57622 0 -1
0.661413 5.93157 3.57827 0 -1
0 0 3.58031 0 -1
0 0 3.58236 0 -1
0.661413 5.93157 3.5844 0 -1
0 0 3.58645 0 -1
0.661413 5.93157 3.58849 0 -1
0 0 3.59054 0 -1
0.661413 5.93157 3.59258 0 -1
0 0 3.59463 0 -1
0 0 3.59667 0 -1
0.661413 5.93157 3.59872 0 -1
0 0 3.60076 0 -1
0.661413 5.93157 3.60281 0 -1
0 0 3.60485 0 -1
0.661413 5.93157 3.6069 0 -1
0 0 3.60895 0 -1
0.661413 5.93157 3.61099 0 -1
0 0 3.61304 0 -1
0 0 3.61508 0 -1
0.661413 5.93157 3.61713 0 -1
0 0 3.61917 0 -1
0.661413 5.93157 3.62122 0 -1
0 0 3.62326 0 -1
0.661413 5.93157 3.62531 0 -1
0 0 3.62735 0 -1
0 0 3.6294 0 -1
0.661413 5.93157 3.63144 0 -1
0 0 3.63349 0 -1
0.661413 5.93157 3.63553 0 -1
0 0 3.63758 0 -1
0.661413 5.93157 3.63963 0 -1
0 0 3.64167 0 -1
0 0 3.64372 0 -1
0.661413 5.93157 3.64576 0 -1
0 0 3.64781 0 -1
0.661413 5.93157 3.64985 0 -1
0 0 3.6519 0 -1
0.661413 5.93157 3.65394 0 -1
0 0 3.65599 0 -1
0.661413 5.93157 3.65803 0 -1
0 0 3.66008 0 -1
0 0 3.66212 0 -1
0.661413 5.93157 3.66417 0 -1
0 0 3.66621 0 -1
0.661413 5.93157 3.66826 0 -1
0 0 3.6703 0 -1
0.661413 5.93157 3.67235 0 -1
0 0 3.6744 0 -1
0 0 3.67644 0 -1
0.661413 5.93157 3.67849 0 -1
0 0 3.68053 0 -1
0.661413 5.93157 3.68258 0 -1
0 0 3.68462 0 -1
0.661413 5.93157 3.68667 0 -1
0 0 3.68871 0 -1
0.661413 5.93157 3.69076 0 -1
0 0 3.6928 0 -1
0 0 3.69485 0 -1
0.661413 5.93157 3.69689 0 -1
0 0 3.69894 0 -1
0.661413 5.93157 3.70098 0 -1
0 0 3.70303 0 -1
0.661413 5.93157 3.70508 0 -1
0 0 3.70712 0 -1
0 0 3.70917 0 -1
0.661413 5.93157 3.71121 0 -1
0 0 3.71326 0 -1
0.661413 5.93157 3.7153 0 -1
0 0 3.71735 0 -1
0.661413 5.93157 3.71939 0 -1
0 0 3.72144 0 -1
0 0 3.72348 0 -1
0.661413 5.93157 3.72553 0 -1
0 0 3.72757 0 -1
0.661413 5.93157 3.72962 0 -1
0 0 3.73166 0 -1
0.661413 5.93157 3.73371 0 -1
0 0 3.73575 0 -1
0.661413 5.93157 3.7378 0 -1
0 0 3.73985 0 -1
0 0 3.74189 0 -1
0.661413 5.93157 3.74394 0 -1
0 0 3.74598 0 -1
0.661413 5.93157 3.74803 0 -1
0 0 3.75007 0 -1
0.661413 5.93157 3.75212 0 -1
0 0 3.75416 0 -1
0 0 3.75621 0 -1
0.661413 5.93157 3.75825 0 -1
0 0 3.7603 0 -1
0.661413 5.93157 3.76234 0 -1
0 0 3.76439 0 -1
0.661413 5.93157 3.76643 0 -1
0 0 3.76848 0 -1
0 0 3.77052 0 -1
0.661413 5.93157 3.77257 0 -1
0 0 3.77462 0 -1
0.661413 5.93157 3.77666 0 -1
0 0 3.77871 0 -1
0.661413 5.93157 3.78075 0 -1
0 0 3.7828 0 -1
0.661413 5.93157 3.78484 0 -1
0 0 3.78689 0 -1
0 0 3.78893 0 -1
0.661413 5.93157 3.79098 0 -1
0 0 3.79302 0 -1
0.661413 5.93157 3.79507 0 -1
0 0 3.79711 0 -1
0.661413 5.93157 3.79916 0 -1
0 0 3.8012 0 -1
0 0 3.80325 0 -1
0.661413 5.93157 3.80529 0 -1
0 0 3.80734 0 -1
0.661413 5.93157 3.80939 0 -1
0 0 3.81143 0 -1
0.661413 5.93157 3.81348 0 -1
0 0 3.81552 0 -1
0.661413 5.93157 3.81757 0 -1
0 0 3.81961 0 -1
0 0 3.82166 0 -1
0.661413 5.93157 3.8237 0 -1
0 0 3.82575 0 -1
0.661413 5.93157 3.82779 0 -1
0 0 3.82984 0 -1
0.661413 5.93157 3.83188 0 -1
0 0 3.83393 0 -1
0 0 3.83597 0 -1
0.661413 5.93157 3.83802 0 -1
0 0 3.84007 0 -1
0.661413 5.93157 3.84211 0 -1
0 0 3.84416 0 -1
0.661413 5.93157 3.8462 0 -1
0 0 3.84825 0 -1
0 0 3.85029 0 -1
0.661413 5.93157 3.85234 0 -1
0 0 3.85438 0 -1
0.661413 5.93157 3.85643 0 -1
0 0 3.85847 0 -1
0.661413 5.93157 3.86052 0 -1
0 0 3.86256 0 -1
0.661413 5.93157 3.86461 0 -1
0 0 3.86665 0 -1
0 0 3.8687 0 -1
0.661413 5.93157 3.87074 0 -1
0 0 3.87279 0 -1
0.661413 5.93157 3.87484 0 -1
0 0 3.87688 0 -1
0.661413 5.93157 3.87893 0 -1
0 0 3.88097 0 -1
0 0 3.88302 0 -1
0.661413 5.93157 3.88506 0 -1
0 0 3.88711 0 -1
0.661413 5.93157 3.88915 0 -1
0 0 3.8912 0 -1
0.661413 5.93157 3.89324 0 -1
0 0 3.89529 0 -1
0 0 3.89733 0 -1
0.661413 5.93157 3.89938 0 -1
0 0 3.90142 0 -1
0.661413 5.93157 3.90347 0 -1
0 0 3.90552 0 -1
0.661413 5.93157 3.90756 0 -1
0 0 3.90961 0 -1
0.661413 5.93157 3.91165 0 -1
0 0 3.9137 0 -1
0 0 3.91574 0 -1
0.661413 5.93157 3.91779 0 -1
0 0 3.91983 0 -1
0.661413 5.93157 3.92188 0 -1
0 0 3.92392 0 -1
0.661413 5.93157 3.92597 0 -1
0 0 3.92801 0 -1
0 0 3.93006 0 -1
0.661413 5.93157 3.9321 0 -1
0 0 3.93415 0 -1
0.661413 5.93157 3.93619 0 -1
0 0 3.93824 0 -1
0.661413 5.93157 3.94029 0 -1
0 0 3.94233 0 -1
0.661413 5.93157 3.94438 0 -1
0 0 3.94642 0 -1
0 0 3.94847 0 -1
0.661413 5.93157 3.95051 0 -1
0 0 3.95256 0 -1
0.661413 5.93157 3.9546 0 -1
0 0 3.95665 0 -1
0.661413 5.93157 3.95869 0 -1
0 0 3.96074 0 -1
0 0 3.96278 0 -1
0.661413 5.93157 3.96483 0 -1
0 0 3.96687 0 -1
0.661413 5.93157 3.96892 0 -1
0 0 3.97096 0 -1
0.661413 5.93157 3.97301 0 -1
0 0 3.97506 0 -1
0 0 3.9771 0 -1
0.661413 5.93157 3.97915 0 -1
0 0 3.98119 0 -1
0.661413 5.93157 3.98324 0 -1
0 0 3.98528 0 -1
0.661413 5.93157 3.98733 0 -1
0 0 3.98937 0 -1
0.661413 5.93157 3.99142 0 -1
0 0 3.99346 0 -1
0 0 3.99551 0 -1
0.661413 5.93157 3.99755 0 -1
0 0 3.9996 0 -1
0.661413 5.93157 4.00164 0 -1
0 0 4.00369 0 -1
0.661413 5.93157 4.00574 0 -1
0 0 4.00778 0 -1
0 0 4.00983 0 -1
0.661413 5.93157 4.01187 0 -1
0 0 4.01392 0 -1
0.661413 5.93157 4.01596 0 -1
0 0 4.01801 0 -1
0.661413 5.93157 4.02005 0 -1
0 0 4.0221 0 -1
0.661413 5.93157 4.02414 0 -1
0 0 4.02619 0 -1
0 0 4.02823 0 -1
0.661413 5.93157 4.03028 0 -1
0 0 4.03232 0 -1
0.661413 5.93157 4.03437 0 -1
0 0 4.03641 0 -1
0.661413 5.93157 4.03846 0 -1
0 0 4.04051 0 -1
0 0 4.04255 0 -1
0.661413 5.93157 4.0446 0 -1
0 0 4.04664 0 -1
0.661413 5.93157 4.04869 0 -1
0 0 4.05073 0 -1
0.661413 5.93157 4.05278 0 -1
0 0 4.05482 0 -1
0 0 4.05687 0 -1
0.661413 5.93157 4.05891 0 -1
0 0 4.06096 0 -1
0.661413 5.93157 4.063 0 -1
0 0 4.06505 0 -1
0.661413 5.93157 4.06709 0 -1
0 0 4.06914 0 -1
0.661413 5.93157 4.07119 0 -1
0 0 4.07323 0 -1
0 0 4.07528 0 -1
0.661413 5.93157 4.07732 0 -1
0 0 4.07937 0 -1
0.661413 5.93157 4.08141 0 -1
0 0 4.08346 0 -1
0.661413 5.93157 4.0855 0 -1
0 0 4.08755 0 -1
0 0 4.08959 0 -1
0.661413 5.93157 4.09164 0 -1
0.223668 -8.66329 4.09368 8.66618 10
-7.07086 -5.01055 4.09573 8.66618 10
0.142279 -8.66501 4.09777 8.66618 10
-7.09432 -4.97728 4.09982 8.66618 10
0.060572 -8.62369 4.10186 8.6239 10
0.0200673 -8.62388 4.10391 8.6239 10
-7.08289 -4.91979 4.10596 8.6239 10
-0.0609507 -8.62369 4.108 8.6239 10
-7.10593 -4.88647 4.11005 8.6239 10
-0.141267 -8.58047 4.11209 8.58163 10
-7.09386 -4.82924 4.11414 8.58163 10
-0.220769 -8.5365 4.11618 8.53936 10
-7.0814 -4.77225 4.11823 8.53936 10
-0.300956 -8.53405 4.12027 8.53936 10
-0.341035 -8.53254 4.12232 8.53936 10
-7.10374 -4.73893 4.12436 8.53936 10
-0.419094 -8.48674 4.12641 8.49708 10
-7.09064 -4.68222 4.12845 8.49708 10
-0.498796 -8.48243 4.1305 8.49708 10
-7.11256 -4.64886 4.13254 8.49708 10
-0.575585 -8.43519 4.13459 8.45481 10
-0.615197 -8.4324 4.13663 8.45481 10
-7.09882 -4.59244 4.13868 8.45481 10
-0.690916 -8.38411 4.14073 8.41253 10
-7.08471 -4.53625 4.14277 8.41253 10
-0.769642 -8.37725 4.14482 8.41253 10
-7.10594 -4.50292 4.14686 8.41253 10
-0.844046 -8.32759 4.14891 8.37026 10
-7.0912 -4.44703 4.15095 8.37026 10
-0.922242 -8.3193 4.153 8.37026 10
-0.961306 -8.31487 4.15504 8.37026 10
-7.11201 -4.41367 4.15709 8.37026 10
-1.03412 -8.26353 4.15913 8.32798 10
-7.09664 -4.3581 4.16118 8.32798 10
-1.11171 -8.25345 4.16322 8.32798 10
-7.11703 -4.32472 4.16527 8.32798 10
-1.18316 -8.2008 4.16731 8.28571 10
-1.22166 -8.19515 4.16936 8.28571 10
-7.10104 -4.26946 4.17141 8.28571 10
-1.2986 -8.18331 4.17345 8.28571 10
-7.12101 -4.23606 4.1755 8.28571 10
-1.36839 -8.12907 4.17754 8.24343 10
-7.1044 -4.18112 4.17959 8.24343 10
-1.4447 -8.11585 4.18163 8.24343 10
-1.48281 -8.10897 4.18368 8.24343 10
-7.12396 -4.1477 4.18572 8.24343 10
-1.55092 -8.05318 4.18777 8.20116 10
-7.10673 -4.09309 4.18981 8.20116 10
-1.6265 -8.03825 4.19186 8.20116 10
-7.12588 -4.05967 4.1939 8.20116 10
-1.69317 -7.98126 4.19595 8.15889 10
-7.10804 -4.0054 4.19799 8.15889 10
-1.76808 -7.96501 4.20004 8.15889 10
-1.80547 -7.95661 4.20208 8.15889 10
-7.12677 -3.97197 4.20413 8.15889 10
-1.87039 -7.89817 4.20618 8.11661 10
-7.10833 -3.91804 4.20822 8.11661 10
-1.94451 -7.88025 4.21027 8.11661 10
-7.12665 -3.88461 4.21231 8.11661 10
-2.00794 -7.82068 4.21436 8.07434 10
-2.04465 -7.81117 4.2164 8.07434 10
-7.10761 -3.83103 4.21845 8.07434 10
-2.11794 -7.79161 4.22049 8.07434 10
-7.12552 -3.79761 4.22254 8.07434 10
-2.19104 -7.77137 4.22458 8.07434 10
-7.14328 -3.76409 4.22663 8.07434 10
-2.2521 -7.70987 4.22867 8.03206 10
-2.28828 -7.6992 4.23072 8.03206 10
-7.12339 -3.71097 4.23276 8.03206 10
-2.36051 -7.67737 4.23481 8.03206 10
-7.14075 -3.67747 4.23686 8.03206 10
-2.41972 -7.61457 4.2389 7.98979 10
-7.12027 -3.62471 4.24095 7.98979 10
-2.49115 -7.5915 4.24299 7.98979 10
-7.13721 -3.59123 4.24504 7.98979 10
-2.5488 -7.52772 4.24708 7.94751 10
-2.58413 -7.51566 4.24913 7.94751 10
-7.11615 -3.53884 4.25117 7.94751 10
-2.65462 -7.49106 4.25322 7.94751 10
-7.13269 -3.50537 4.25526 7.94751 10
-2.72487 -7.46579 4.25731 7.94751 10
-7.14908 -3.47183 4.25935 7.94751 10
-2.78003 -7.40029 4.2614 7.90524 10
-2.81475 -7.38715 4.26344 7.90524 10
-7.1272 -3.41992 4.26549 7.90524 10
-2.88402 -7.36038 4.26753 7.90524 10
-7.14318 -3.38641 4.26958 7.90524 10
-2.95304 -7.33296 4.27163 7.90524 10
-7.15901 -3.35282 4.27367 7.90524 10
-3.00564 -7.26583 4.27572 7.86297 10
-7.13631 -3.30141 4.27776 7.86297 10
-3.07376 -7.23728 4.27981 7.86297 10
-3.10772 -7.22276 4.28185 7.86297 10
-7.15174 -3.26785 4.2839 7.86297 10
-3.15836 -7.15457 4.28594 7.82069 10
-7.12848 -3.21683 4.28799 7.82069 10
-3.22544 -7.12459 4.29003 7.82069 10
-7.14351 -3.18331 4.29208 7.82069 10
-3.29222 -7.09398 4.29412 7.82069 10
-3.32551 -7.07843 4.29617 7.82069 10
-7.15838 -3.14972 4.29821 7.82069 10
-3.37352 -7.00879 4.30026 7.77842 10
-7.13433 -3.09922 4.3023 7.77842 10
-3.43922 -6.97679 4.30435 7.77842 10
-7.1488 -3.06568 4.3064 7.77842 10
-3.50461 -6.94417 4.30844 7.77842 10
-3.53718 -6.92763 4.31049 7.77842 10
-7.16313 -3.03206 4.31253 7.77842 10
-3.58253 -6.85663 4.31458 7.73614 10
-7.13828 -2.98209 4.31662 7.73614 10
-3.64678 -6.82267 4.31867 7.73614 10
-7.15221 -2.94853 4.32071 7.73614 10
-3.71072 -6.78811 4.32276 7.73614 10
-7.16598 -2.9149 4.3248 7.73614 10
-3.75369 -6.71606 4.32685 7.69387 10
-3.7852 -6.69835 4.32889 7.69387 10
-7.14036 -2.86547 4.33094 7.69387 10
-3.84796 -6.6625 4.33298 7.69387 10
-7.15374 -2.83189 4.33503 7.69387 10
-3.91038 -6.62605 4.33708 7.69387 10
-7.16696 -2.79826 4.33912 7.69387 10
-3.95062 -6.55282 4.34117 7.6516 10
-3.98136 -6.53419 4.34321 7.6516 10
-7.14058 -2.74938 4.34526 7.6516 10
-4.04257 -6.49651 4.3473 7.6516 10
-7.15341 -2.7158 4.34935 7.6516 10
-4.10342 -6.45824 4.35139 7.6516 10
-7.16609 -2.68218 4.35344 7.6516 10
-4.1639 -6.41941 4.35548 7.6516 10
-7.17861 -2.64849 4.35753 7.6516 10
-4.20069 -6.34476 4.35957 7.60932 10
-4.23044 -6.32496 4.36162 7.60932 10
-7.15124 -2.60029 4.36366 7.60932 10
-4.28968 -6.28494 4.36571 7.60932 10
-7.16338 -2.56667 4.36775 7.60932 10
-4.34853 -6.24436 4.3698 7.60932 10
-7.17535 -2.533 4.37185 7.60932 10
-4.407 -6.20324 4.37389 7.60932 10
-4.43609 -6.18247 4.37594 7.60932 10
-7.18717 -2.49927 4.37798 7.60932 10
-4.469 -6.10641 4.38003 7.56705 10
-7.15884 -2.45178 4.38207 7.56705 10
-4.52617 -6.06416 4.38412 7.56705 10
-7.17028 -2.41813 4.38616 7.56705 10
-4.58294 -6.02137 4.38821 7.56705 10
-4.61117 -5.99977 4.39025 7.56705 10
-7.18155 -2.38442 4.3923 7.56705 10
-4.66733 -5.95619 4.39434 7.56705 10
-7.19268 -2.35066 4.39639 7.56705 10
-4.69669 -5.87906 4.39843 7.52477 10
-7.16339 -2.30391 4.40048 7.52477 10
-4.75171 -5.83468 4.40252 7.52477 10
-7.17414 -2.27024 4.40457 7.52477 10
-4.80631 -5.78978 4.40662 7.52477 10
-4.83345 -5.76714 4.40866 7.52477 10
-7.18472 -2.23651 4.41071 7.52477 10
-4.88742 -5.72148 4.41275 7.52477 10
-7.19515 -2.20274 4.4148 7.52477 10
-4.9132 -5.64343 4.41684 7.4825 10
-7.16493 -2.15674 4.41889 7.4825 10
-4.96599 -5.59703 4.42093 7.4825 10
-4.99223 -5.57364 4.42298 7.4825 10
-7.17499 -2.12306 4.42502 7.4825 10
-5.04437 -5.5265 4.42707 7.4825 10
-7.18488 -2.08933 4.42911 7.4825 10
-5.09606 -5.47886 4.43116 7.4825 10
-7.19461 -2.05556 4.4332 7.4825 10
-5.1473 -5.43075 4.43525 7.4825 10
-5.17276 -5.40651 4.43729 7.4825 10
-7.20419 -2.02175 4.43934 7.4825 10
-5.19381 -5.32741 4.44139 7.44023 10
-7.17285 -1.97665 4.44343 7.44023 10
-5.24363 -5.27838 4.44548 7.44023 10
-7.18206 -1.94294 4.44752 7.44023 10
-5.29298 -5.22889 4.44957 7.44023 10
-7.1911 -1.90918 4.45161 7.44023 10
-5.34187 -5.17894 4.45366 7.44023 10
-5.36613 -5.15379 4.4557 7.44023 10
-7.19999 -1.87538 4.45775 7.44023 10
-5.41431 -5.10315 4.45979 7.44023 10
-7.20872 -1.84155 4.46184 7.44023 10
-5.43098 -5.02336 4.46388 7.39795 10
-7.17628 -1.79739 4.46593 7.39795 10
-5.47793 -4.97212 4.46797 7.39795 10
-5.50122 -4.94634 4.47002 7.39795 10
-7.18465 -1.76367 4.47207 7.39795 10
-5.54745 -4.89444 4.47411 7.39795 10
-7.19285 -1.7299 4.47616 7.39795 10
-5.59318 -4.8421 4.4782 7.39795 10
-7.2009 -1.69609 4.48025 7.39795 10
-5.63842 -4.78935 4.48229 7.39795 10
-7.20879 -1.66225 4.48434 7.39795 10
-5.68317 -4.73617 4.48638 7.39795 10
-5.70535 -4.70942 4.48843 7.39795 10
-7.21652 -1.62837 4.49047 7.39795 10
-5.71649 -4.62901 4.49252 7.35568 10
-7.1828 -1.58535 4.49456 7.35568 10
-5.75972 -4.57511 4.49661 7.35568 10
-7.19017 -1.55159 4.49865 7.35568 10
-5.80244 -4.5208 4.5007 7.35568 10
-5.82361 -4.4935 4.50275 7.35568 10
-7.19738 -1.5178 4.50479 7.35568 10
-5.86557 -4.43859 4.50684 7.35568 10
-7.20443 -1.48398 4.50888 7.35568 10
-5.90701 -4.38329 4.51093 7.35568 10
-7.21132 -1.45012 4.51297 7.35568 10
-5.94793 -4.32761 4.51502 7.35568 10
-5.96818 -4.29962 4.51706 7.35568 10
-7.21805 -1.41623 4.51911 7.35568 10
-6.00831 -4.24337 4.52115 7.35568 10
-7.22462 -1.38231 4.5232 7.35568 10
-6.01316 -4.16267 4.52524 7.3134 10
-7.18948 -1.34061 4.52729 7.3134 10
-6.05199 -4.106 4.52933 7.3134 10
-7.1957 -1.30683 4.53138 7.3134 10
-6.0903 -4.04897 4.53342 7.3134 10
-6.10925 -4.02032 4.53547 7.3134 10
-7.20176 -1.27302 4.53752 7.3134 10
-6.14675 -3.96275 4.53956 7.3134 10
-7.20766 -1.23917 4.54161 7.3134 10
-6.1837 -3.90483 4.54365 7.3134 10
-7.2134 -1.20531 4.5457 7.3134 10
-6.22011 -3.84657 4.54774 7.3134 10
-6.23811 -3.81731 4.54979 7.3134 10
-7.21898 -1.17141 4.55183 7.3134 10
-6.2737 -3.75853 4.55388 7.3134 10
-7.2244 -1.13749 4.55592 7.3134 10
-6.30873 -3.69944 4.55797 7.3134 10
-7.22967 -1.10354 4.56001 7.3134 10
-6.3432 -3.64001 4.56206 7.3134 10
-6.36023 -3.61017 4.5641 7.3134 10
-7.23477 -1.06957 4.56615 7.3134 10
-6.3569 -3.52974 4.56819 7.27113 10
-7.19787 -1.02959 4.57024 7.27113 10
-6.38978 -3.46987 4.57229 7.27113 10
-7.20262 -0.99577 4.57433 7.27113 10
-6.4221 -3.40969 4.57638 7.27113 10
-7.20722 -0.961929 4.57842 7.27113 10
-6.45385 -3.34921 4.58047 7.27113 10
-6.46951 -3.31886 4.58251 7.27113 10
-7.21166 -0.928063 4.58456 7.27113 10
-6.5004 -3.25793 4.5866 7.27113 10
-7.21594 -0.894178 4.58865 7.27113 10
-6.53072 -3.19673 4.59069 7.27113 10
-7.22006 -0.860277 4.59274 7.27113 10
-6.56046 -3.13523 4.59478 7.27113 10
-6.57511 -3.10439 4.59683 7.27113 10
-7.22402 -0.826352 4.59887 7.27113 10
-6.60399 -3.04248 4.60092 7.27113 10
-7.22782 -0.792413 4.60296 7.27113 10
-6.63228 -2.98031 4.60501 7.27113 10
-7.23146 -0.758452 4.60706 7.27113 10
-6.65998 -2.91787 4.6091 7.27113 10
-7.23495 -0.724475 4.61115 7.27113 10
-6.6871 -2.85517 4.61319 7.27113 10
-6.70044 -2.82374 4.61524 7.27113 10
-7.23827 -0.690487 4.61728 7.27113 10
-6.72667 -2.76067 4.61933 7.27113 10
-7.24143 -0.656478 4.62137 7.27113 10
-6.7523 -2.69735 4.62342 7.27113 10
-7.24444 -0.622459 4.62546 7.27113 10
-6.77735 -2.6338 4.62751 7.27113 10
-6.78964 -2.60194 4.62955 7.27113 10
-7.24728 -0.588423 4.6316 7.27113 10
-6.81379 -2.53804 4.63364 7.27113 10
-7.24996 -0.554374 4.63569 7.27113 10
-6.83733 -2.47392 4.63774 7.27113 10
-7.25249 -0.520316 4.63978 7.27113 10
-6.82038 -2.39557 4.64183 7.22886 10
-6.83156 -2.36351 4.64387 7.22886 10
-7.21267 -0.483417 4.64592 7.22886 10
-6.85346 -2.29923 4.64796 7.22886 10
-7.21487 -0.449534 4.65001 7.22886 10
-6.87475 -2.23475 4.65205 7.22886 10
-7.2169 -0.415639 4.6541 7.22886 10
-6.89545 -2.17006 4.65614 7.22886 10
-7.21877 -0.381734 4.65819 7.22886 10
-6.91553 -2.10519 4.66023 7.22886 10
-6.92534 -2.07268 4.66228 7.22886 10
-7.22048 -0.347825 4.66432 7.22886 10
-6.9445 -2.00754 4.66637 7.22886 10
-7.22204 -0.313904 4.66842 7.22886 10
-6.96306 -1.94221 4.67046 7.22886 10
-7.22343 -0.27998 4.67251 7.22886 10
-6.981 -1.87671 4.67455 7.22886 10
-6.98973 -1.8439 4.6766 7.22886 10
-7.22467 -0.246047 4.67864 7.22886 10
-7.00675 -1.77815 4.68069 7.22886 10
-7.22574 -0.212107 4.68273 7.22886 10
-7.02314 -1.71226 4.68478 7.22886 10
-7.22666 -0.178166 4.68682 7.22886 10
-7.03892 -1.6462 4.68887 7.22886 10
-7.22742 -0.144219 4.69091 7.22886 10
-7.05407 -1.58001 4.69296 7.22886 10
-7.06142 -1.54685 4.695 7.22886 10
-7.22801 -0.110271 4.69705 7.22886 10
-7.07563 -1.48045 4.69909 7.22886 10
-7.22845 -0.0763178 4.70114 7.22886 10
-7.08923 -1.41392 4.70319 7.22886 10
-7.22873 -0.0423632 4.70523 7.22886 10
-7.1022 -1.34726 4.70728 7.22886 10
-7.10845 -1.31388 4.70932 7.22886 10
-7.22885 -0.00840998 4.71137 7.22886 10
-7.16212 -1.25434 4.71341 7.27113 10
-7.27108 0.0256953 4.71546 7.27113 10
-7.17359 -1.187 4.7175 7.27113 10
-7.27088 0.0598497 4.71955 7.27113 10
-7.18442 -1.11956 4.72159 7.27113 10
-7.1896 -1.0858 4.72364 7.27113 10
-7.27052 0.0939994 4.72568 7.27113 10
-7.19948 -1.01822 4.72773 7.27113 10
-7.27 0.12815 4.72977 7.27113 10
-7.20873 -0.950537 4.73182 7.27113 10
-7.26932 0.162294 4.73386 7.27113 10
-7.21734 -0.882772 4.73591 7.27113 10
-7.26848 0.196439 4.73796 7.27113 10
-7.22532 -0.814937 4.74 7.27113 10
-7.22907 -0.780985 4.74205 7.27113 10
-7.26747 0.230579 4.74409 7.27113 10
-7.23608 -0.713044 4.74614 7.27113 10
-7.26631 0.26471 4.74818 7.27113 10
-7.24246 -0.645033 4.75023 7.27113 10
-7.26499 0.29884 4.75227 7.27113 10
-7.2482 -0.576972 4.75432 7.27113 10
-7.25083 -0.542916 4.75636 7.27113 10
-7.2635 0.332959 4.75841 7.27113 10
-7.25561 -0.474781 4.76045 7.27113 10
-7.26186 0.367074 4.7625 7.27113 10
-7.25975 -0.406596 4.76454 7.27113 10
-7.26005 0.401181 4.76659 7.27113 10
-7.26325 -0.338377 4.76863 7.27113 10
-7.26476 -0.304259 4.77068 7.27113 10
-7.25809 0.435276 4.77273 7.27113 10
-7.2673 -0.236003 4.77477 7.27113 10
-7.25596 0.469365 4.77682 7.27113 10
-7.2692 -0.16772 4.77886 7.27113 10
-7.25368 0.503439 4.78091 7.27113 10
-7.27045 -0.0994229 4.78295 7.27113 10
-7.25124 0.537507 4.785 7.27113 10
-7.27106 -0.0311227 4.78704 7.27113 10
-7.27113 0.00303555 4.78909 7.27113 10
-7.24863 0.571562 4.79113 7.27113 10
-7.31305 0.0717516 4.79318 7.3134 10
-7.28799 0.609122 4.79522 7.3134 10
-7.31205 0.140451 4.79727 7.3134 10
-7.28505 0.643349 4.79931 7.3134 10
-7.31041 0.209131 4.80136 7.3134 10
-7.30935 0.243472 4.80341 7.3134 10
-7.28195 0.677559 4.80545 7.3134 10
-7.30674 0.312121 4.8075 7.3134 10
-7.27869 0.711757 4.80954 7.3134 10
-7.30349 0.380751 4.81159 7.3134 10
-7.27526 0.745939 4.81363 7.3134 10
-7.29959 0.44934 4.81568 7.3134 10
-7.27168 0.780102 4.81772 7.3134 10
-7.29504 0.517896 4.81977 7.3134 10
-7.29253 0.552154 4.82181 7.3134 10
-7.26793 0.81425 4.82386 7.3134 10
-7.28702 0.620639 4.8259 7.3134 10
-7.26403 0.848377 4.82795 7.3134 10
-7.28087 0.68907 4.82999 7.3134 10
-7.25996 0.88249 4.83204 7.3134 10
-7.31612 0.761811 4.83408 7.35568 10
-7.31246 0.796172 4.83613 7.35568 10
-7.29768 0.92188 4.83818 7.35568 10
-7.30466 0.864827 4.84022 7.35568 10
-7.29327 0.956146 4.84227 7.35568 10
-7.29621 0.933413 4.84431 7.35568 10
-7.2887 0.990395 4.84636 7.35568 10
-7.28712 1.00191 4.8484 7.35568 10
-7.28234 1.03613 4.85045 7.35568 10
-7.28397 1.02462 4.85249 7.35568 10
-7.27228 1.10449 4.85454 7.35568 10
-7.27907 1.05882 4.85658 7.35568 10
-7.26158 1.17276 4.85863 7.35568 10
-7.27402 1.093 4.86067 7.35568 10
-7.25025 1.24092 4.86272 7.35568 10
-7.2688 1.12715 4.86476 7.35568 10
-7.27987 1.3165 4.86681 7.39795 10
-7.27361 1.35068 4.86885 7.39795 10
-7.30517 1.16796 4.8709 7.39795 10
-7.2606 1.41895 4.87295 7.39795 10
-7.29961 1.20226 4.87499 7.39795 10
-7.24695 1.4871 4.87704 7.39795 10
-7.29388 1.23653 4.87908 7.39795 10
-7.23266 1.55511 4.88113 7.39795 10
-7.22527 1.58906 4.88317 7.39795 10
-7.28799 1.27078 4.88522 7.39795 10
-7.21002 1.65687 4.88726 7.39795 10
-7.28194 1.305 4.88931 7.39795 10
-7.19414 1.72453 4.89135 7.39795 10
-7.27573 1.33919 4.8934 7.39795 10
-7.21864 1.80228 4.89544 7.44023 10
-7.21009 1.83617 4.89749 7.44023 10
-7.3109 1.38119 4.89953 7.44023 10
-7.19253 1.90381 4.90158 7.44023 10
-7.30433 1.41552 4.90363 7.44023 10
-7.17432 1.9713 4.90567 7.44023 10
-7.2976 1.44982 4.90772 7.44023 10
-7.15549 2.03861 4.90976 7.44023 10
-7.29071 1.48408 4.91181 7.44023 10
-7.13602 2.10574 4.91385 7.44023 10
-7.12605 2.13923 4.9159 7.44023 10
-7.28366 1.51831 4.91794 7.44023 10
-7.14602 2.21862 4.91999 7.4825 10
-7.31779 1.56132 4.92203 7.4825 10
-7.12486 2.28565 4.92408 7.4825 10
-7.31038 1.59568 4.92612 7.4825 10
-7.10307 2.35248 4.92817 7.4825 10
-7.09194 2.38582 4.93021 7.4825 10
-7.3028 1.63 4.93226 7.4825 10
-7.06922 2.45234 4.9343 7.4825 10
-7.29506 1.66428 4.93635 7.4825 10
-7.04587 2.51864 4.9384 7.4825 10
-7.28717 1.69853 4.94044 7.4825 10
-7.06157 2.59932 4.94249 7.52477 10
-7.32023 1.74253 4.94453 7.52477 10
-7.03684 2.66554 4.94658 7.52477 10
-7.02424 2.69856 4.94862 7.52477 10
-7.31197 1.77689 4.95067 7.52477 10
-6.99858 2.76443 4.95271 7.52477 10
-7.30354 1.81122 4.95476 7.52477 10
-6.9723 2.83005 4.9568 7.52477 10
-7.29495 1.8455 4.95885 7.52477 10
-6.98443 2.9117 4.96089 7.56705 10
-6.97067 2.94447 4.96294 7.56705 10
-7.32714 1.89031 4.96498 7.56705 10
-6.94271 3.00983 4.96703 7.56705 10
-7.31818 1.92471 4.96908 7.56705 10
-6.91413 3.07491 4.97112 7.56705 10
-7.30906 1.95906 4.97317 7.56705 10
-6.88493 3.13973 4.97521 7.56705 10
-6.87011 3.17203 4.97726 7.56705 10
-7.29977 1.99337 4.9793 7.56705 10
-6.87822 3.25451 4.98135 7.60932 10
-7.33106 2.03896 4.98339 7.60932 10
-6.84734 3.31899 4.98544 7.60932 10
-7.3214 2.07337 4.98748 7.60932 10
-6.81586 3.38316 4.98953 7.60932 10
-7.31158 2.10774 4.99157 7.60932 10
-6.78378 3.44704 4.99362 7.60932 10
-6.76751 3.47887 4.99566 7.60932 10
-7.3016 2.14206 4.99771 7.60932 10
-6.77195 3.56197 4.99975 7.6516 10
-7.33196 2.18842 5.0018 7.6516 10
-6.73819 3.62543 5.00385 7.6516 10
-7.3216 2.22284 5.00589 7.6516 10
-6.70383 3.68857 5.00794 7.6516 10
-6.68644 3.72001 5.00998 7.6516 10
-7.31108 2.2572 5.01203 7.6516 10
-6.68794 3.80357 5.01407 7.69387 10
-7.34073 2.30418 5.01612 7.69387 10
-6.65191 3.86622 5.01816 7.69387 10
-7.32983 2.33864 5.02021 7.69387 10
-6.6153 3.92854 5.02225 7.69387 10
-7.31876 2.37304 5.0243 7.69387 10
-6.5781 3.99052 5.02634 7.69387 10
-6.55929 4.02137 5.02839 7.69387 10
-7.30754 2.40739 5.03043 7.69387 10
-6.55705 4.10525 5.03248 7.73614 10
-7.33624 2.4551 5.03452 7.73614 10
-6.5182 4.16666 5.03657 7.73614 10
-7.32462 2.48954 5.03862 7.73614 10
-6.47876 4.22771 5.04066 7.73614 10
-6.45884 4.25809 5.04271 7.73614 10
-7.31285 2.52391 5.04475 7.73614 10
-6.45362 4.34218 5.0468 7.77842 10
-7.34081 2.57221 5.04884 7.77842 10
-6.41255 4.40261 5.05089 7.77842 10
-7.32865 2.60666 5.05293 7.77842 10
-6.37091 4.46266 5.05498 7.77842 10
-6.34988 4.49253 5.05702 7.77842 10
-7.31632 2.64106 5.05907 7.77842 10
-6.34167 4.57673 5.06111 7.82069 10
-7.34353 2.68994 5.06316 7.82069 10
-6.2984 4.6361 5.0652 7.82069 10
-7.33082 2.7244 5.06725 7.82069 10
-6.25457 4.69506 5.0693 7.82069 10
-7.31794 2.75881 5.07134 7.82069 10
-6.24375 4.77931 5.07339 7.86297 10
-6.22123 4.80858 5.07543 7.86297 10
-7.34439 2.80824 5.07748 7.86297 10
-6.17579 4.86681 5.07952 7.86297 10
-7.33111 2.84271 5.08157 7.86297 10
-6.16275 4.95109 5.08361 7.90524 10
-7.35702 2.89259 5.08566 7.90524 10
-6.11597 5.00877 5.0877 7.90524 10
-6.09237 5.03744 5.08975 7.90524 10
-7.34335 2.92711 5.09179 7.90524 10
-6.04478 5.09445 5.09384 7.90524 10
-7.32952 2.96157 5.09588 7.90524 10
-6.02873 5.17855 5.09793 7.94751 10
-7.35465 3.01198 5.09997 7.94751 10
-5.97981 5.23496 5.10202 7.94751 10
-5.95516 5.26299 5.10407 7.94751 10
-7.34042 3.0465 5.10611 7.94751 10
-5.93686 5.34699 5.10816 7.98979 10
-7.365 3.09733 5.1102 7.98979 10
-5.88637 5.40253 5.11225 7.98979 10
-7.35037 3.13189 5.11429 7.98979 10
-5.83536 5.45759 5.11634 7.98979 10
-7.33558 3.16638 5.11838 7.98979 10
-5.81443 5.54133 5.12043 8.03206 10
-5.78834 5.56858 5.12247 8.03206 10
-7.35936 3.21774 5.12452 8.03206 10
-5.73578 5.62271 5.12656 8.03206 10
-7.34416 3.25227 5.12861 8.03206 10
-5.71261 5.70622 5.13065 8.07434 10
-7.36738 3.30403 5.1327 8.07434 10
-5.65875 5.75964 5.13475 8.07434 10
-5.63164 5.78615 5.13679 8.07434 10
-7.35178 3.3386 5.13884 8.07434 10
-5.57703 5.8388 5.14088 8.07434 10
-7.33602 3.3731 5.14293 8.07434 10
-5.55085 5.92178 5.14497 8.11661 10
-7.35842 3.42536 5.14702 8.11661 10
-5.49497 5.97366 5.14906 8.11661 10
-7.34225 3.45988 5.15111 8.11661 10
-5.46694 6.0564 5.15315 8.15889 10
-5.43843 6.08201 5.1552 8.15889 10
-7.36407 3.51253 5.15724 8.15889 10
-5.38106 6.13283 5.15929 8.15889 10
-7.34749 3.54708 5.16133 8.15889 10
-5.35079 6.21515 5.16338 8.20116 10
-7.36873 3.60011 5.16542 8.20116 10
-5.29217 6.26514 5.16747 8.20116 10
-5.26268 6.28993 5.16952 8.20116 10
-7.35174 3.63469 5.17156 8.20116 10
-5.23019 6.37176 5.17361 8.24343 10
-7.37239 3.68809 5.17565 8.24343 10
-5.17009 6.42062 5.1777 8.24343 10
-7.35499 3.72268 5.17974 8.24343 10
-5.13575 6.50208 5.18179 8.28571 10
-5.10516 6.52613 5.18383 8.28571 10
-7.37505 3.77645 5.18588 8.28571 10
-5.04363 6.5738 5.18792 8.28571 10
-7.35723 3.81105 5.18997 8.28571 10
-5.00706 6.65467 5.19201 8.32798 10
-7.37669 3.86519 5.19406 8.32798 10
-4.94432 6.70142 5.1961 8.32798 10
-7.35846 3.89979 5.19815 8.32798 10
-4.90593 6.78182 5.20019 8.37026 10
-4.87402 6.80479 5.20224 8.37026 10
-7.37732 3.95429 5.20429 8.37026 10
-4.80989 6.85027 5.20633 8.37026 10
-7.35866 3.98889 5.20838 8.37026 10
-4.76928 6.92998 5.21042 8.41253 10
-7.37692 4.04374 5.21247 8.41253 10
-4.72761 7.00952 5.21451 8.45481 10
-4.69463 7.03166 5.21656 8.45481 10
-7.39481 4.09884 5.2186 8.45481 10
-4.62837 7.07544 5.22065 8.45481 10
-7.37548 4.13352 5.22269 8.45481 10
-4.58451 7.15421 5.22474 8.49708 10
-7.39276 4.18896 5.22678 8.49708 10
-4.5171 7.19696 5.22883 8.49708 10
-4.48324 7.2181 5.23087 8.49708 10
-7.37301 4.22364 5.23292 8.49708 10
-4.43721 7.29601 5.23497 8.53936 10
-7.38967 4.27941 5.23701 8.53936 10
-4.36847 7.33738 5.23906 8.53936 10
-7.36949 4.31408 5.2411 8.53936 10
-4.32063 7.41462 5.24315 8.58163 10
-7.38552 4.37017 5.24519 8.58163 10
0 0 5.24724 0 -1
0 0 5.24928 0 -1
0.661413 5.93157 5.25133 0 -1
0 0 5.25337 0 -1
0.661413 5.93157 5.25542 0 -1
0 0 5.25746 0 -1
0.661413 5.93157 5.25951 0 -1
0 0 5.26155 0 -1
0 0 5.2636 0 -1
0.661413 5.93157 5.26564 0 -1
0 0 5.26769 0 -1
0.661413 5.93157 5.26974 0 -1
0 0 5.27178 0 -1
0.661413 5.93157 5.27383 0 -1
0 0 5.27587 0 -1
0.661413 5.93157 5.27792 0 -1
0 0 5.27996 0 -1
0 0 5.28201 0 -1
0.661413 5.93157 5.28405 0 -1
0 0 5.2861 0 -1
0.661413 5.93157 5.28814 0 -1
0 0 5.29019 0 -1
0.661413 5.93157 5.29223 0 -1
0 0 5.29428 0 -1
0 0 5.29632 0 -1
0.661413 5.93157 5.29837 0 -1
0 0 5.30042 0 -1
0.661413 5.93157 5.30246 0 -1
0 0 5.30451 0 -1
0.661413 5.93157 5.30655 0 -1
0 0 5.3086 0 -1
0 0 5.31064 0 -1
0.661413 5.93157 5.31269 0 -1
0 0 5.31473 0 -1
0.661413 5.93157 5.31678 0 -1
0 0 5.31882 0 -1
0.661413 5.93157 5.32087 0 -1
0 0 5.32291 0 -1
0.661413 5.93157 5.32496 0 -1
0 0 5.327 0 -1
0 0 5.32905 0 -1
0.661413 5.93157 5.33109 0 -1
0 0 5.33314 0 -1
0.661413 5.93157 5.33519 0 -1
0 0 5.33723 0 -1
0.661413 5.93157 5.33928 0 -1
0 0 5.34132 0 -1
0 0 5.34337 0 -1
0.661413 5.93157 5.34541 0 -1
0 0 5.34746 0 -1
0.661413 5.93157 5.3495 0 -1
0 0 5.35155 0 -1
0.661413 5.93157 5.35359 0 -1
0 0 5.35564 0 -1
0 0 5.35768 0 -1
0.661413 5.93157 5.35973 0 -1
0 0 5.36177 0 -1
0.661413 5.93157 5.36382 0 -1
0 0 5.36586 0 -1
0.661413 5.93157 5.36791 0 -1
0 0 5.36996 0 -1
0.661413 5.93157 5.372 0 -1
0 0 5.37405 0 -1
0 0 5.37609 0 -1
0.661413 5.93157 5.37814 0 -1
0 0 5.38018 0 -1
0.661413 5.93157 5.38223 0 -1
0 0 5.38427 0 -1
0.661413 5.93157 5.38632 0 -1
0 0 5.38836 0 -1
0 0 5.39041 0 -1
0.661413 5.93157 5.39245 0 -1
0 0 5.3945 0 -1
0.661413 5.93157 5.39654 0 -1
0 0 5.39859 0 -1
0.661413 5.93157 5.40064 0 -1
0 0 5.40268 0 -1
0.661413 5.93157 5.40473 0 -1
0 0 5.40677 0 -1
0 0 5.40882 0 -1
0.661413 5.93157 5.41086 0 -1
0 0 5.41291 0 -1
0.661413 5.93157 5.41495 0 -1
0 0 5.417 0 -1
0.661413 5.93157 5.41904 0 -1
0 0 5.42109 0 -1
0 0 5.42313 0 -1
0.661413 5.93157 5.42518 0 -1
0 0 5.42722 0 -1
0.661413 5.93157 5.42927 0 -1
0 0 5.43131 0 -1
0.661413 5.93157 5.43336 0 -1
0 0 5.43541 0 -1
0 0 5.43745 0 -1
0.661413 5.93157 5.4395 0 -1
0 0 5.44154 0 -1
0.661413 5.93157 5.44359 0 -1
0 0 5.44563 0 -1
0.661413 5.93157 5.44768 0 -1
0 0 5.44972 0 -1
0.661413 5.93157 5.45177 0 -1
0 0 5.45381 0 -1
0 0 5.45586 0 -1
0.661413 5.93157 5.4579 0 -1
0 0 5.45995 0 -1
0.661413 5.93157 5.46199 0 -1
0 0 5.46404 0 -1
0.661413 5.93157 5.46608 0 -1
0 0 5.46813 0 -1
0 0 5.47018 0 -1
0.661413 5.93157 5.47222 0 -1
0 0 5.47427 0 -1
0.661413 5.93157 5.47631 0 -1
0 0 5.47836 0 -1
0.661413 5.93157 5.4804 0 -1
0 0 5.48245 0 -1
0.661413 5.93157 5.48449 0 -1
0 0 5.48654 0 -1
0 0 5.48858 0 -1
0.661413 5.93157 5.49063 0 -1
0 0 5.49267 0 -1
0.661413 5.93157 5.49472 0 -1
0 0 5.49676 0 -1
0.661413 5.93157 5.49881 0 -1
0 0 5.50085 0 -1
0 0 5.5029 0 -1
0.661413 5.93157 5.50495 0 -1
0 0 5.50699 0 -1
0.661413 5.93157 5.50904 0 -1
0 0 5.51108 0 -1
0.661413 5.93157 5.51313 0 -1
0 0 5.51517 0 -1
0 0 5.51722 0 -1
0.661413 5.93157 5.51926 0 -1
0 0 5.52131 0 -1
0.661413 5.93157 5.52335 0 -1
0 0 5.5254 0 -1
0.661413 5.93157 5.52744 0 -1
0 0 5.52949 0 -1
0.661413 5.93157 5.53153 0 -1
0 0 5.53358 0 -1
0 0 5.53563 0 -1
0.661413 5.93157 5.53767 0 -1
0 0 5.53972 0 -1
0.661413 5.93157 5.54176 0 -1
0 0 5.54381 0 -1
0.661413 5.93157 5.54585 0 -1
0 0 5.5479 0 -1
0 0 5.54994 0 -1
0.661413 5.93157 5.55199 0 -1
0 0 5.55403 0 -1
0.661413 5.93157 5.55608 0 -1
0 0 5.55812 0 -1
0.661413 5.93157 5.56017 0 -1
0 0 5.56221 0 -1
0 0 5.56426 0 -1
0.661413 5.93157 5.56631 0 -1
0 0 5.56835 0 -1
0.661413 5.93157 5.5704 0 -1
0 0 5.57244 0 -1
0.661413 5.93157 5.57449 0 -1
0 0 5.57653 0 -1
0.661413 5.93157 5.57858 0 -1
0 0 5.58062 0 -1
0 0 5.58267 0 -1
0.661413 5.93157 5.58471 0 -1
0 0 5.58676 0 -1
0.661413 5.93157 5.5888 0 -1
0 0 5.59085 0 -1
0.661413 5.93157 5.59289 0 -1
0 0 5.59494 0 -1
0 0 5.59698 0 -1
0.661413 5.93157 5.59903 0 -1
0 0 5.60108 0 -1
0.661413 5.93157 5.60312 0 -1
0 0 5.60517 0 -1
0.661413 5.93157 5.60721 0 -1
0 0 5.60926 0 -1
0.661413 5.93157 5.6113 0 -1
0 0 5.61335 0 -1
0 0 5.61539 0 -1
0.661413 5.93157 5.61744 0 -1
0 0 5.61948 0 -1
0.661413 5.93157 5.62153 0 -1
0 0 5.62357 0 -1
0.661413 5.93157 5.62562 0 -1
0 0 5.62766 0 -1
0 0 5.62971 0 -1
0.661413 5.93157 5.63175 0 -1
0 0 5.6338 0 -1
0.661413 5.93157 5.63585 0 -1
0 0 5.63789 0 -1
0.661413 5.93157 5.63994 0 -1
0 0 5.64198 0 -1
0 0 5.64403 0 -1
0.661413 5.93157 5.64607 0 -1
0 0 5.64812 0 -1
0.661413 5.93157 5.65016 0 -1
0 0 5.65221 0 -1
0.661413 5.93157 5.65425 0 -1
0 0 5.6563 0 -1
0.661413 5.93157 5.65834 0 -1
0 0 5.66039 0 -1
0 0 5.66243 0 -1
0.661413 5.93157 5.66448 0 -1
0 0 5.66652 0 -1
0.661413 5.93157 5.66857 0 -1
0 0 5.67062 0 -1
0.661413 5.93157 5.67266 0 -1
0 0 5.67471 0 -1
0 0 5.67675 0 -1
0.661413 5.93157 5.6788 0 -1
0 0 5.68084 0 -1
0.661413 5.93157 5.68289 0 -1
0 0 5.68493 0 -1
0.661413 5.93157 5.68698 0 -1
0 0 5.68902 0 -1
0 0 5.69107 0 -1
0.661413 5.93157 5.69311 0 -1
0 0 5.69516 0 -1
0.661413 5.93157 5.6972 0 -1
0 0 5.69925 0 -1
0.661413 5.93157 5.7013 0 -1
0 0 5.70334 0 -1
0.661413 5.93157 5.70539 0 -1
0 0 5.70743 0 -1
0 0 5.70948 0 -1
0.661413 5.93157 5.71152 0 -1
0 0 5.71357 0 -1
0.661413 5.93157 5.71561 0 -1
0 0 5.71766 0 -1
0.661413 5.93157 5.7197 0 -1
0 0 5.72175 0 -1
0 0 5.72379 0 -1
0.661413 5.93157 5.72584 0 -1
0 0 5.72788 0 -1
0.661413 5.93157 5.72993 0 -1
0 0 5.73198 0 -1
0.661413 5.93157 5.73402 0 -1
0 0 5.73607 0 -1
0.661413 5.93157 5.73811 0 -1
0 0 5.74016 0 -1
0 0 5.7422 0 -1
0.661413 5.93157 5.74425 0 -1
0 0 5.74629 0 -1
0.661413 5.93157 5.74834 0 -1
0 0 5.75038 0 -1
0.661413 5.93157 5.75243 0 -1
0 0 5.75447 0 -1
0 0 5.75652 0 -1
0.661413 5.93157 5.75856 0 -1
0 0 5.76061 0 -1
0.661413 5.93157 5.76265 0 -1
0 0 5.7647 0 -1
0.661413 5.93157 5.76675 0 -1
0 0 5.76879 0 -1
0 0 5.77084 0 -1
0.661413 5.93157 5.77288 0 -1
0 0 5.77493 0 -1
0.661413 5.93157 5.77697 0 -1
0 0 5.77902 0 -1
0.661413 5.93157 5.78106 0 -1
0 0 5.78311 0 -1
0.661413 5.93157 5.78515 0 -1
0 0 5.7872 0 -1
0 0 5.78924 0 -1
0.661413 5.93157 5.79129 0 -1
0 0 5.79333 0 -1
0.661413 5.93157 5.79538 0 -1
0 0 5.79742 0 -1
0.661413 5.93157 5.79947 0 -1
0 0 5.80152 0 -1
0 0 5.80356 0 -1
0.661413 5.93157 5.80561 0 -1
0 0 5.80765 0 -1
0.661413 5.93157 5.8097 0 -1
0 0 5.81174 0 -1
0.661413 5.93157 5.81379 0 -1
0 0 5.81583 0 -1
0.661413 5.93157 5.81788 0 -1
0 0 5.81992 0 -1
0 0 5.82197 0 -1
0.661413 5.93157 5.82401 0 -1
0 0 5.82606 0 -1
0.661413 5.93157 5.8281 0 -1
0 0 5.83015 0 -1
0.661413 5.93157 5.83219 0 -1
0 0 5.83424 0 -1
0 0 5.83629 0 -1
0.661413 5.93157 5.83833 0 -1
0 0 5.84038 0 -1
0.661413 5.93157 5.84242 0 -1
0 0 5.84447 0 -1
0.661413 5.93157 5.84651 0 -1
0 0 5.84856 0 -1
0 0 5.8506 0 -1
0.661413 5.93157 5.85265 0 -1
0 0 5.85469 0 -1
0.661413 5.93157 5.85674 0 -1
0 0 5.85878 0 -1
0.661413 5.93157 5.86083 0 -1
0 0 5.86287 0 -1
0.661413 5.93157 5.86492 0 -1
0 0 5.86697 0 -1
0 0 5.86901 0 -1
0.661413 5.93157 5.87106 0 -1
0 0 5.8731 0 -1
0.661413 5.93157 5.87515 0 -1
0 0 5.87719 0 -1
0.661413 5.93157 5.87924 0 -1
0 0 5.88128 0 -1
0 0 5.88333 0 -1
0.661413 5.93157 5.88537 0 -1
0 0 5.88742 0 -1
0.661413 5.93157 5.88946 0 -1
0 0 5.89151 0 -1
0.661413 5.93157 5.89355 0 -1
0 0 5.8956 0 -1
0 0 5.89764 0 -1
0.661413 5.93157 5.89969 0 -1
0 0 5.90174 0 -1
0.661413 5.93157 5.90378 0 -1
0 0 5.90583 0 -1
0.661413 5.93157 5.90787 0 -1
0 0 5.90992 0 -1
0.661413 5.93157 5.91196 0 -1
0 0 5.91401 0 -1
0 0 5.91605 0 -1
0.661413 5.93157 5.9181 0 -1
0 0 5.92014 0 -1
0.661413 5.93157 5.92219 0 -1
7.71316 4.56359 5.92423 8.9621 10
-3.11852 8.40203 5.92628 8.9621 10
7.7557 4.49093 5.92832 8.9621 10
7.7767 4.45445 5.93037 8.9621 10
-3.07902 8.41658 5.93242 8.9621 10
7.81821 4.3812 5.93446 8.9621 10
-3.03945 8.43095 5.93651 8.9621 10
7.82195 4.28724 5.93855 8.91983 10
-2.98566 8.4053 5.9406 8.91983 10
7.86188 4.21357 5.94264 8.91983 10
-2.94615 8.41923 5.94469 8.91983 10
7.90111 4.13953 5.94673 8.91983 10
7.92047 4.10237 5.94878 8.91983 10
-2.90657 8.43298 5.95082 8.91983 10
7.92094 4.00869 5.95287 8.87755 10
-2.85334 8.40651 5.95491 8.87755 10
7.95825 3.93411 5.95696 8.87755 10
-2.81382 8.41982 5.959 8.87755 10
7.99486 3.85917 5.96105 8.87755 10
8.01289 3.82158 5.96309 8.87755 10
-2.77424 8.43294 5.96514 8.87755 10
8.01012 3.72829 5.96719 8.83528 10
-2.72158 8.40566 5.96923 8.83528 10
8.04478 3.65288 5.97128 8.83528 10
-2.68207 8.41835 5.97332 8.83528 10
8.07875 3.57715 5.97537 8.83528 10
8.09546 3.53916 5.97741 8.83528 10
-2.6425 8.43086 5.97946 8.83528 10
8.12835 3.46295 5.9815 8.83528 10
-2.60287 8.44318 5.98355 8.83528 10
8.12147 3.37024 5.98559 8.793 10
-2.55091 8.41485 5.98764 8.793 10
8.15278 3.2938 5.98968 8.793 10
-2.51136 8.42674 5.99173 8.793 10
8.18336 3.21706 5.99377 8.793 10
8.19838 3.17859 5.99582 8.793 10
-2.47175 8.43844 5.99786 8.793 10
8.22788 3.10144 5.99991 8.793 10
-2.43209 8.44996 6.00196 8.793 10
8.21696 3.00947 6.004 8.75073 10
-2.38087 8.42061 6.00605 8.75073 10
8.24487 2.93214 6.00809 8.75073 10
8.25855 2.89338 6.01014 8.75073 10
-2.34129 8.4317 6.01218 8.75073 10
8.28536 2.81567 6.01423 8.75073 10
-2.30166 8.44261 6.01627 8.75073 10
8.31145 2.73772 6.01832 8.75073 10
-2.26198 8.45333 6.02036 8.75073 10
8.29653 2.64666 6.02241 8.70845 10
8.30886 2.60767 6.02445 8.70845 10
-2.21151 8.42297 6.0265 8.70845 10
8.333 2.5295 6.02854 8.70845 10
-2.17193 8.43326 6.03059 8.70845 10
8.35639 2.45111 6.03264 8.70845 10
-2.13229 8.44337 6.03468 8.70845 10
8.37905 2.37249 6.03673 8.70845 10
-2.09261 8.45329 6.03877 8.70845 10
8.40097 2.29367 6.04082 8.70845 10
8.41165 2.25419 6.04286 8.70845 10
-2.05288 8.46303 6.04491 8.70845 10
8.39152 2.16452 6.04695 8.66618 10
-2.00333 8.43145 6.049 8.66618 10
8.41148 2.08559 6.05104 8.66618 10
-1.9637 8.44077 6.05309 8.66618 10
8.4307 2.00647 6.05513 8.66618 10
8.44003 1.96685 6.05718 8.66618 10
-1.92403 8.4499 6.05922 8.66618 10
8.45814 1.88748 6.06127 8.66618 10
-1.88433 8.45884 6.06331 8.66618 10
8.47549 1.80794 6.06536 8.66618 10
-1.84457 8.4676 6.06741 8.66618 10
8.45068 1.71981 6.06945 8.6239 10
-1.79597 8.43482 6.0715 8.6239 10
8.46646 1.64035 6.07354 8.6239 10
8.47407 1.60056 6.07559 8.6239 10
-1.75633 8.44316 6.07763 8.6239 10
8.48874 1.52089 6.07968 8.6239 10
-1.71666 8.45132 6.08172 8.6239 10
8.50265 1.44107 6.08377 8.6239 10
-1.67694 8.45929 6.08581 8.6239 10
8.51581 1.36114 6.08786 8.6239 10
8.52211 1.32112 6.0899 8.6239 10
-1.63719 8.46708 6.09195 8.6239 10
8.53415 1.24101 6.09399 8.6239 10
-1.5974 8.47467 6.09604 8.6239 10
8.54543 1.16078 6.09808 8.6239 10
-1.55758 8.48208 6.10013 8.6239 10
8.51401 1.07515 6.10218 8.58163 10
8.51897 1.03515 6.10422 8.58163 10
-1.51028 8.44769 6.10627 8.58163 10
8.52832 0.955071 6.10831 8.58163 10
-1.47058 8.45469 6.11036 8.58163 10
8.53691 0.874918 6.1124 8.58163 10
-1.43085 8.4615 6.11445 8.58163 10
8.54476 0.79468 6.11649 8.58163 10
-1.39109 8.46813 6.11854 8.58163 10
8.55184 0.714379 6.12058 8.58163 10
8.55511 0.674197 6.12263 8.58163 10
-1.3513 8.47457 6.12467 8.58163 10
8.56106 0.593804 6.12672 8.58163 10
-1.31148 8.48083 6.12876 8.58163 10
8.56626 0.51335 6.13081 8.58163 10
-1.27163 8.48689 6.13286 8.58163 10
8.57071 0.43286 6.1349 8.58163 10
8.57265 0.392592 6.13695 8.58163 10
-1.23175 8.49277 6.13899 8.58163 10
8.53371 0.31051 6.14104 8.53936 10
-1.18597 8.4566 6.14308 8.53936 10
8.53625 0.230326 6.14513 8.53936 10
-1.14624 8.46208 6.14717 8.53936 10
8.53804 0.150123 6.14922 8.53936 10
-1.10648 8.46737 6.15126 8.53936 10
8.53907 0.0699134 6.15331 8.53936 10
8.5393 0.0298061 6.15535 8.53936 10
-1.0667 8.47247 6.1574 8.53936 10
8.58148 -0.0506673 6.15944 8.58163 10
-1.03197 8.51936 6.16149 8.58163 10
0 0 6.16353 0 -1
0.661413 5.93157 6.16558 0 -1
0 0 6.16763 0 -1
0 0 6.16967 0 -1
0.661413 5.93157 6.17172 0 -1
0 0 6.17376 0 -1
0.661413 5.93157 6.17581 0 -1
0 0 6.17785 0 -1
0.661413 5.93157 6.1799 0 -1
0 0 6.18194 0 -1
0 0 6.18399 0 -1
0.661413 5.93157 6.18603 0 -1
0 0 6.18808 0 -1
0.661413 5.93157 6.19012 0 -1
0 0 6.19217 0 -1
0.661413 5.93157 6.19421 0 -1
0 0 6.19626 0 -1
0.661413 5.93157 6.19831 0 -1
0 0 6.20035 0 -1
0 0 6.2024 0 -1
0.661413 5.93157 6.20444 0 -1
0 0 6.20649 0 -1
0.661413 5.93157 6.20853 0 -1
0 0 6.21058 0 -1
0.661413 5.93157 6.21262 0 -1
0 0 6.21467 0 -1
0 0 6.21671 0 -1
0.661413 5.93157 6.21876 0 -1
0 0 6.2208 0 -1
0.661413 5.93157 6.22285 0 -1
0 0 6.22489 0 -1
0.661413 5.93157 6.22694 0 -1
0 0 6.22898 0 -1
0 0 6.23103 0 -1
0.661413 5.93157 6.23308 0 -1
0 0 6.23512 0 -1
0.661413 5.93157 6.23717 0 -1
0 0 6.23921 0 -1
0.661413 5.93157 6.24126 0 -1
0 0 6.2433 0 -1
0.661413 5.93157 6.24535 0 -1
0 0 6.24739 0 -1
0 0 6.24944 0 -1
0.661413 5.93157 6.25148 0 -1
0 0 6.25353 0 -1
0.661413 5.93157 6.25557 0 -1
0 0 6.25762 0 -1
0.661413 5.93157 6.25966 0 -1
0 0 6.26171 0 -1
0 0 6.26375 0 -1
0.661413 5.93157 6.2658 0 -1
0 0 6.26785 0 -1
0.661413 5.93157 6.26989 0 -1
0 0 6.27194 0 -1
0.661413 5.93157 6.27398 0 -1
0 0 6.27603 0 -1
0.661413 5.93157 6.27807 0 -1
0.661413 5.93157 6.28012 0 -1
0.661413 5.93157 6.28216 0 -1
