3.70854 1.97432 0.00102265 0 -1
0 0 0.00306796 0 -1
3.70854 1.97432 0.00511327 0 -1
0 0 0.00715858 0 -1
0 0 0.00920388 0 -1
3.70854 1.97432 0.0112492 0 -1
0 0 0.0132945 0 -1
3.70854 1.97432 0.0153398 0 -1
0 0 0.0173851 0 -1
3.70854 1.97432 0.0194304 0 -1
0.351334 7.47425 0.0214757 7.4825 10
0.175715 7.48044 0.023521 7.4825 10
0.34056 6.03558 0.0255663 6.04518 10
0.368906 6.03392 0.0276117 6.04518 10
0.170348 6.04278 0.029657 6.04518 10
0.3601 5.10246 0.0317023 5.11516 10
0.168156 5.11239 0.0337476 5.11516 10
0.350693 4.38249 0.0357929 4.3965 10
0.165169 4.39339 0.0378382 4.3965 10
0.346634 3.87373 0.0398835 3.88921 10
0.364825 3.87206 0.0419288 3.88921 10
0.164364 3.88573 0.0439741 3.88921 10
0.357577 3.44798 0.0460194 3.46647 10
0.162765 3.46265 0.0480647 3.46647 10
0.351908 3.10842 0.05011 3.12828 10
0.161561 3.1241 0.0521553 3.12828 10
0.345044 2.81126 0.0542007 2.83236 10
0.358245 2.80961 0.056246 2.83236 10
0.159563 2.82786 0.0582913 2.83236 10
0.35592 2.59671 0.0603366 2.62099 10
0.159945 2.6161 0.0623819 2.62099 10
0.36803 2.5096 0.0644272 2.53644 10
0.166676 2.53096 0.0664725 2.53644 10
0.39159 2.50603 0.0685178 2.53644 10
0.178562 2.53015 0.0705631 2.53644 10
0.415114 2.50224 0.0726084 2.53644 10
0.426863 2.50026 0.0746537 2.53644 10
0.190445 2.52928 0.076699 2.53644 10
0.450332 2.49614 0.0787443 2.53644 10
0.202323 2.52836 0.0807897 2.53644 10
0.473761 2.4918 0.082835 2.53644 10
0.214196 2.52738 0.0848803 2.53644 10
0.497149 2.48724 0.0869256 2.53644 10
0.508826 2.48488 0.0889709 2.53644 10
0.226066 2.52635 0.0910162 2.53644 10
0.532147 2.47999 0.0930615 2.53644 10
0.23793 2.52526 0.0951068 2.53644 10
0.555421 2.47488 0.0971521 2.53644 10
0.249789 2.52411 0.0991974 2.53644 10
0.578645 2.46956 0.101243 2.53644 10
0.590239 2.46681 0.103288 2.53644 10
0.261642 2.52291 0.105333 2.53644 10
0.613386 2.46116 0.107379 2.53644 10
0.273489 2.52165 0.109424 2.53644 10
0.63648 2.45529 0.111469 2.53644 10
0.285331 2.52034 0.113515 2.53644 10
0.659517 2.4492 0.11556 2.53644 10
0.297166 2.51897 0.117605 2.53644 10
0.682496 2.44289 0.11965 2.53644 10
0.693963 2.43966 0.121696 2.53644 10
0.308995 2.51755 0.123741 2.53644 10
0.716851 2.43304 0.125786 2.53644 10
0.320817 2.51607 0.127832 2.53644 10
0.739676 2.42619 0.129877 2.53644 10
0.332631 2.51454 0.131922 2.53644 10
0.762435 2.41914 0.133968 2.53644 10
0.77379 2.41553 0.136013 2.53644 10
0.344439 2.51295 0.138058 2.53644 10
0.796447 2.40815 0.140104 2.53644 10
0.356238 2.5113 0.142149 2.53644 10
0.819034 2.40057 0.144194 2.53644 10
0.36803 2.5096 0.14624 2.53644 10
0.84155 2.39277 0.148285 2.53644 10
0.379814 2.50784 0.15033 2.53644 10
0.863991 2.38475 0.152375 2.53644 10
0.875182 2.38067 0.154421 2.53644 10
0.39159 2.50603 0.156466 2.53644 10
0.897508 2.37234 0.158511 2.53644 10
0.403357 2.50416 0.160557 2.53644 10
0.919755 2.36381 0.162602 2.53644 10
0.415114 2.50224 0.164647 2.53644 10
0.94192 2.35506 0.166693 2.53644 10
0.952971 2.35061 0.168738 2.53644 10
0.426863 2.50026 0.170783 2.53644 10
0.975012 2.34156 0.172828 2.53644 10
0.438602 2.49823 0.174874 2.53644 10
0.996965 2.33229 0.176919 2.53644 10
0.450332 2.49614 0.178964 2.53644 10
1.01883 2.32283 0.18101 2.53644 10
1.02973 2.31801 0.183055 2.53644 10
0.462052 2.494 0.1851 2.53644 10
1.06899 2.34671 0.187146 2.57872 10
0.481657 2.53333 0.189191 2.57872 10
1.09098 2.33656 0.191236 2.57872 10
0.493551 2.53104 0.193282 2.57872 10
1.11289 2.32621 0.195327 2.57872 10
0.505435 2.5287 0.197372 2.57872 10
1.13469 2.31565 0.199418 2.57872 10
1.14555 2.3103 0.201463 2.57872 10
0.517306 2.52629 0.203508 2.57872 10
1.16721 2.29944 0.205553 2.57872 10
0.529167 2.52384 0.207599 2.57872 10
1.18876 2.28837 0.209644 2.57872 10
0.541016 2.52132 0.211689 2.57872 10
1.2102 2.2771 0.213735 2.57872 10
1.22088 2.27139 0.21578 2.57872 10
0.552853 2.51875 0.217825 2.57872 10
1.24217 2.25982 0.219871 2.57872 10
0.564678 2.51613 0.221916 2.57872 10
1.26334 2.24805 0.223961 2.57872 10
0.57649 2.51345 0.226007 2.57872 10
1.2844 2.23609 0.228052 2.57872 10
0.58829 2.51071 0.230097 2.57872 10
1.30535 2.22392 0.232142 2.57872 10
1.31578 2.21777 0.234188 2.57872 10
0.600076 2.50792 0.236233 2.57872 10
1.33656 2.20531 0.238278 2.57872 10
0.61185 2.50508 0.240324 2.57872 10
1.35722 2.19265 0.242369 2.57872 10
0.62361 2.50218 0.244414 2.57872 10
1.37776 2.17981 0.24646 2.57872 10
1.38798 2.17331 0.248505 2.57872 10
0.635356 2.49922 0.25055 2.57872 10
1.40834 2.16018 0.252596 2.57872 10
0.647088 2.49621 0.254641 2.57872 10
1.42857 2.14685 0.256686 2.57872 10
0.658806 2.49314 0.258731 2.57872 10
1.47242 2.16831 0.260777 2.62099 10
1.48259 2.16137 0.262822 2.62099 10
0.681501 2.53084 0.264867 2.62099 10
1.50283 2.14735 0.266913 2.62099 10
0.693381 2.52761 0.268958 2.62099 10
1.52293 2.13313 0.271003 2.62099 10
0.705246 2.52432 0.273049 2.62099 10
1.5429 2.11873 0.275094 2.62099 10
0.717095 2.52098 0.277139 2.62099 10
1.56274 2.10415 0.279184 2.62099 10
1.57261 2.09678 0.28123 2.62099 10
0.728929 2.51759 0.283275 2.62099 10
1.59224 2.08192 0.28532 2.62099 10
0.740746 2.51414 0.287366 2.62099 10
1.61172 2.06687 0.289411 2.62099 10
0.752547 2.51063 0.291456 2.62099 10
1.63107 2.05163 0.293502 2.62099 10
1.64069 2.04395 0.295547 2.62099 10
0.764331 2.50707 0.297592 2.62099 10
1.65982 2.02845 0.299638 2.62099 10
0.776099 2.50345 0.301683 2.62099 10
1.6788 2.01277 0.303728 2.62099 10
0.787849 2.49978 0.305773 2.62099 10
1.69763 1.99691 0.307819 2.62099 10
1.70699 1.98891 0.309864 2.62099 10
0.799582 2.49605 0.311909 2.62099 10
1.7256 1.97279 0.313955 2.62099 10
0.811298 2.49226 0.316 2.62099 10
1.77219 1.98804 0.318045 2.66326 10
0.83627 2.52856 0.320091 2.66326 10
1.79079 1.97131 0.322136 2.66326 10
0.848137 2.52461 0.324181 2.66326 10
1.80923 1.9544 0.326227 2.66326 10
1.81839 1.94588 0.328272 2.66326 10
0.859987 2.52059 0.330317 2.66326 10
1.83658 1.92871 0.332363 2.66326 10
0.871816 2.51653 0.334408 2.66326 10
1.85462 1.91137 0.336453 2.66326 10
0.883627 2.5124 0.338498 2.66326 10
1.8725 1.89387 0.340544 2.66326 10
1.88137 1.88505 0.342589 2.66326 10
0.895418 2.50823 0.344634 2.66326 10
1.899 1.86729 0.34668 2.66326 10
0.90719 2.50399 0.348725 2.66326 10
1.91645 1.84937 0.35077 2.66326 10
0.918941 2.4997 0.352816 2.66326 10
1.93374 1.83129 0.354861 2.66326 10
0.930673 2.49536 0.356906 2.66326 10
1.98183 1.84182 0.358952 2.70554 10
1.99046 1.83249 0.360997 2.70554 10
0.957342 2.5305 0.363042 2.70554 10
2.00758 1.81371 0.365087 2.70554 10
0.969217 2.52597 0.367133 2.70554 10
2.02453 1.79477 0.369178 2.70554 10
0.981072 2.52139 0.371223 2.70554 10
2.0413 1.77567 0.373269 2.70554 10
2.04962 1.76606 0.375314 2.70554 10
0.992904 2.51676 0.377359 2.70554 10
2.06612 1.74673 0.379405 2.70554 10
1.00471 2.51207 0.38145 2.70554 10
2.08244 1.72725 0.383495 2.70554 10
1.0165 2.50732 0.385541 2.70554 10
2.09857 1.70761 0.387586 2.70554 10
2.10657 1.69773 0.389631 2.70554 10
1.02827 2.50252 0.391676 2.70554 10
2.12243 1.67787 0.393722 2.70554 10
1.04001 2.49766 0.395767 2.70554 10
2.1381 1.65785 0.397812 2.70554 10
1.05173 2.49275 0.399858 2.70554 10
2.18723 1.66328 0.401903 2.74781 10
1.08005 2.52665 0.403948 2.74781 10
0.304997 0.227446 0.405994 0.380466 10
0.306062 0.226011 0.408039 0.380466 10
0.151187 0.349138 0.410084 0.380466 10
0.308172 0.223126 0.412129 0.380466 10
0.152825 0.348424 0.414175 0.380466 10
0.310254 0.220221 0.41622 0.380466 10
0.15446 0.347702 0.418265 0.380466 10
0.312309 0.217296 0.420311 0.380466 10
0.313326 0.215827 0.422356 0.380466 10
0.156091 0.346973 0.424401 0.380466 10
0.31534 0.212874 0.426447 0.380466 10
0.157719 0.346236 0.428492 0.380466 10
0.317326 0.209903 0.430537 0.380466 10
0.159344 0.345491 0.432583 0.380466 10
0.319284 0.206912 0.434628 0.380466 10
0.320252 0.20541 0.436673 0.380466 10
0.160965 0.344739 0.438718 0.380466 10
0.322168 0.202393 0.440764 0.380466 10
0.162582 0.343979 0.442809 0.380466 10
0.324055 0.199357 0.444854 0.380466 10
0.164196 0.343212 0.4469 0.380466 10
0.325913 0.196304 0.448945 0.380466 10
0.165807 0.342437 0.45099 0.380466 10
0.327743 0.193234 0.453036 0.380466 10
0.328647 0.191692 0.455081 0.380466 10
0.167413 0.341654 0.457126 0.380466 10
0.330433 0.188596 0.459172 0.380466 10
0.169016 0.340864 0.461217 0.380466 10
0.29528 0.164875 0.463262 0.338192 10
0.151658 0.302281 0.465308 0.338192 10
0.296816 0.162094 0.467353 0.338192 10
0.297574 0.160697 0.469398 0.338192 10
0.153076 0.301566 0.471443 0.338192 10
0.299071 0.157895 0.473489 0.338192 10
0.154491 0.300843 0.475534 0.338192 10
0.300541 0.155079 0.477579 0.338192 10
0.155903 0.300114 0.479625 0.338192 10
0.301984 0.152248 0.48167 0.338192 10
0.15731 0.299379 0.483715 0.338192 10
0.303401 0.149405 0.485761 0.338192 10
0.3041 0.147978 0.487806 0.338192 10
0.158715 0.298636 0.489851 0.338192 10
0.305476 0.145115 0.491897 0.338192 10
0.160116 0.297888 0.493942 0.338192 10
0.306826 0.142239 0.495987 0.338192 10
0.161513 0.297132 0.498032 0.338192 10
0.308149 0.13935 0.500078 0.338192 10
0.3088 0.137901 0.502123 0.338192 10
0.162907 0.29637 0.504168 0.338192 10
0.310082 0.134994 0.506214 0.338192 10
0.164297 0.295602 0.508259 0.338192 10
0.311336 0.132075 0.510304 0.338192 10
0.165684 0.294827 0.51235 0.338192 10
0.312563 0.129144 0.514395 0.338192 10
0.313166 0.127675 0.51644 0.338192 10
0.167067 0.294045 0.518485 0.338192 10
0.314352 0.124727 0.520531 0.338192 10
0.168447 0.293257 0.522576 0.338192 10
0.31551 0.121769 0.524621 0.338192 10
0.169822 0.292463 0.526667 0.338192 10
0.31664 0.1188 0.528712 0.338192 10
0.171194 0.291662 0.530757 0.338192 10
0.278024 0.101342 0.532803 0.295918 10
0.278497 0.100035 0.534848 0.295918 10
0.150992 0.254498 0.536893 0.295918 10
0.279425 0.0974146 0.538939 0.295918 10
0.152186 0.253786 0.540984 0.295918 10
0.280328 0.0947853 0.543029 0.295918 10
0.153376 0.253068 0.545075 0.295918 10
0.281205 0.0921477 0.54712 0.295918 10
0.281635 0.0908258 0.549165 0.295918 10
0.154563 0.252345 0.55121 0.295918 10
0.282476 0.0881761 0.553256 0.295918 10
0.155746 0.251616 0.555301 0.295918 10
0.283292 0.0855186 0.557346 0.295918 10
0.156927 0.250882 0.559392 0.295918 10
0.284083 0.0828537 0.561437 0.295918 10
0.158103 0.250142 0.563482 0.295918 10
0.284848 0.0801812 0.565528 0.295918 10
0.285222 0.0788424 0.567573 0.295918 10
0.159276 0.249397 0.569618 0.295918 10
0.28595 0.0761595 0.571663 0.295918 10
0.160446 0.248646 0.573709 0.295918 10
0.286653 0.0734699 0.575754 0.295918 10
0.161612 0.247889 0.577799 0.295918 10
0.28733 0.0707737 0.579845 0.295918 10
0.28766 0.0694234 0.58189 0.295918 10
0.162775 0.247128 0.583935 0.295918 10
0.288299 0.0667179 0.585981 0.295918 10
0.163934 0.24636 0.588026 0.295918 10
0.288913 0.0640067 0.590071 0.295918 10
0.165089 0.245587 0.592117 0.295918 10
0.289501 0.0612898 0.594162 0.295918 10
0.289786 0.0599294 0.596207 0.295918 10
0.166241 0.244809 0.598253 0.295918 10
0.290336 0.0572044 0.600298 0.295918 10
0.167389 0.244026 0.602343 0.295918 10
0.290861 0.0544744 0.604388 0.295918 10
0.168534 0.243237 0.606434 0.295918 10
0.29136 0.0517397 0.608479 0.295918 10
0.169674 0.242442 0.610524 0.295918 10
0.291833 0.0490003 0.61257 0.295918 10
0.29206 0.0476289 0.614615 0.295918 10
0.170811 0.241643 0.61666 0.295918 10
0.292495 0.0448831 0.618706 0.295918 10
0.171944 0.240838 0.620751 0.295918 10
0.292903 0.0421335 0.622796 0.295918 10
0.173074 0.240028 0.624842 0.295918 10
0.293286 0.0393802 0.626887 0.295918 10
0.293468 0.038002 0.628932 0.295918 10
0.174199 0.239212 0.630977 0.295918 10
0.293812 0.0352435 0.633023 0.295918 10
0.175321 0.238391 0.635068 0.295918 10
0.252111 0.0278416 0.637113 0.253644 10
0.151233 0.203627 0.639159 0.253644 10
0.252362 0.0254719 0.641204 0.253644 10
0.252479 0.0242863 0.643249 0.253644 10
0.152188 0.202914 0.645295 0.253644 10
0.252696 0.0219134 0.64734 0.253644 10
0.153139 0.202197 0.649385 0.253644 10
0.252891 0.0195385 0.65143 0.253644 10
0.154087 0.201476 0.653476 0.253644 10
0.253063 0.0171621 0.655521 0.253644 10
0.155032 0.20075 0.657566 0.253644 10
0.253213 0.014784 0.659612 0.253644 10
0.253279 0.0135944 0.661657 0.253644 10
0.155973 0.200019 0.663702 0.253644 10
0.253396 0.0112145 0.665748 0.253644 10
0.156911 0.199285 0.667793 0.253644 10
0.25349 0.00883353 0.669838 0.253644 10
0.157845 0.198545 0.671884 0.253644 10
0.253562 0.00645173 0.673929 0.253644 10
0.25359 0.00526083 0.675974 0.253644 10
0.158776 0.197802 0.67802 0.253644 10
0.253628 0.00287819 0.680065 0.253644 10
0.159703 0.197054 0.68211 0.253644 10
0.253644 0.000495553 0.684155 0.253644 10
0.160627 0.196301 0.686201 0.253644 10
0.253637 -0.00188732 0.688246 0.253644 10
0.161547 0.195545 0.690291 0.253644 10
0.253608 -0.00426984 0.692337 0.253644 10
0.253585 -0.00546098 0.694382 0.253644 10
0.162464 0.194784 0.696427 0.253644 10
0.253523 -0.00784302 0.698473 0.253644 10
0.163378 0.194019 0.700518 0.253644 10
0.253438 -0.0102243 0.702563 0.253644 10
0.164287 0.193249 0.704609 0.253644 10
0.253331 -0.0126047 0.706654 0.253644 10
0.253269 -0.0137945 0.708699 0.253644 10
0.165193 0.192475 0.710744 0.253644 10
0.253128 -0.016173 0.71279 0.253644 10
0.166095 0.191697 0.714835 0.253644 10
0.252965 -0.0185503 0.71688 0.253644 10
0.166994 0.190915 0.718926 0.253644 10
0.252779 -0.020926 0.720971 0.253644 10
0.252678 -0.022113 0.723016 0.253644 10
0.167889 0.190129 0.725062 0.253644 10
0.25246 -0.0244857 0.727107 0.253644 10
0.16878 0.189338 0.729152 0.253644 10
0.252218 -0.0268563 0.731198 0.253644 10
0.169667 0.188543 0.733243 0.253644 10
0.251955 -0.0292245 0.735288 0.253644 10
0.170551 0.187744 0.737333 0.253644 10
0.251669 -0.0315901 0.739379 0.253644 10
0.251518 -0.0327719 0.741424 0.253644 10
0.171431 0.186941 0.743469 0.253644 10
0.251199 -0.0351335 0.745515 0.253644 10
0.172307 0.186133 0.74756 0.253644 10
0.250858 -0.0374914 0.749605 0.253644 10
0.173179 0.185322 0.751651 0.253644 10
0.250495 -0.0398463 0.753696 0.253644 10
0.250305 -0.0410224 0.755741 0.253644 10
0.174048 0.184507 0.757787 0.253644 10
0.249908 -0.0433723 0.759832 0.253644 10
0.174913 0.183687 0.761877 0.253644 10
0.24949 -0.0457178 0.763922 0.253644 10
0.175774 0.182863 0.765968 0.253644 10
0.249049 -0.0480596 0.768013 0.253644 10
0.248821 -0.0492288 0.770058 0.253644 10
0.176631 0.182036 0.772104 0.253644 10
0.248348 -0.0515643 0.774149 0.253644 10
0.177484 0.181204 0.776194 0.253644 10
0.247852 -0.0538949 0.77824 0.253644 10
0.178333 0.180368 0.780285 0.253644 10
0.247335 -0.0562211 0.78233 0.253644 10
0.179178 0.179529 0.784375 0.253644 10
0.246796 -0.0585419 0.786421 0.253644 10
0.246518 -0.0597006 0.788466 0.253644 10
0.18002 0.178685 0.790511 0.253644 10
0.204955 -0.0516781 0.792557 0.21137 10
0.150714 0.148198 0.794602 0.21137 10
0.204461 -0.0536011 0.796647 0.21137 10
0.151409 0.147488 0.798693 0.21137 10
0.203948 -0.0555195 0.800738 0.21137 10
0.203685 -0.056477 0.802783 0.21137 10
0.1521 0.146776 0.804829 0.21137 10
0.203146 -0.0583879 0.806874 0.21137 10
0.152787 0.14606 0.808919 0.21137 10
0.202588 -0.0602938 0.810965 0.21137 10
0.153472 0.14534 0.81301 0.21137 10
0.202013 -0.0621942 0.815055 0.21137 10
0.154153 0.144618 0.8171 0.21137 10
0.20142 -0.0640892 0.819146 0.21137 10
0.201116 -0.0650345 0.821191 0.21137 10
0.15483 0.143892 0.823236 0.21137 10
0.200497 -0.0669209 0.825282 0.21137 10
0.155504 0.143163 0.827327 0.21137 10
0.199859 -0.0688015 0.829372 0.21137 10
0.156175 0.142431 0.831418 0.21137 10
0.199204 -0.070676 0.833463 0.21137 10
0.19887 -0.0716108 0.835508 0.21137 10
0.156843 0.141696 0.837554 0.21137 10
0.198189 -0.0734762 0.839599 0.21137 10
0.157506 0.140958 0.841644 0.21137 10
0.19749 -0.0753347 0.843689 0.21137 10
0.158167 0.140217 0.845735 0.21137 10
0.196773 -0.0771867 0.84778 0.21137 10
0.196409 -0.0781101 0.849825 0.21137 10
0.158823 0.139472 0.851871 0.21137 10
0.195666 -0.0799514 0.853916 0.21137 10
0.159477 0.138724 0.855961 0.21137 10
0.194906 -0.0817858 0.858007 0.21137 10
0.160127 0.137974 0.860052 0.21137 10
0.194129 -0.0836133 0.862097 0.21137 10
0.160773 0.13722 0.864143 0.21137 10
0.193335 -0.0854334 0.866188 0.21137 10
0.192932 -0.0863405 0.868233 0.21137 10
0.161416 0.136464 0.870278 0.21137 10
0.192112 -0.0881492 0.872324 0.21137 10
0.162055 0.135704 0.874369 0.21137 10
0.191276 -0.08995 0.876414 0.21137 10
0.162691 0.134941 0.87846 0.21137 10
0.190422 -0.0917429 0.880505 0.21137 10
0.189989 -0.0926362 0.88255 0.21137 10
0.163323 0.134175 0.884596 0.21137 10
0.189111 -0.0944172 0.886641 0.21137 10
0.163951 0.133407 0.888686 0.21137 10
0.188215 -0.0961894 0.890732 0.21137 10
0.164576 0.132635 0.892777 0.21137 10
0.187303 -0.0979532 0.894822 0.21137 10
0.165197 0.131861 0.896867 0.21137 10
0.186375 -0.0997087 0.898913 0.21137 10
0.185905 -0.100583 0.900958 0.21137 10
0.165815 0.131083 0.903003 0.21137 10
0.184952 -0.102325 0.905049 0.21137 10
0.166429 0.130303 0.907094 0.21137 10
0.183982 -0.104058 0.909139 0.21137 10
0.167039 0.12952 0.911185 0.21137 10
0.182996 -0.105781 0.91323 0.21137 10
0.182497 -0.10664 0.915275 0.21137 10
0.167645 0.128734 0.91732 0.21137 10
0.181488 -0.10835 0.919366 0.21137 10
0.168248 0.127945 0.921411 0.21137 10
0.180462 -0.11005 0.923456 0.21137 10
0.168847 0.127153 0.925502 0.21137 10
0.17942 -0.11174 0.927547 0.21137 10
0.178893 -0.112582 0.929592 0.21137 10
0.169443 0.126359 0.931638 0.21137 10
0.177828 -0.114257 0.933683 0.21137 10
0.170034 0.125562 0.935728 0.21137 10
0.176746 -0.115923 0.937774 0.21137 10
0.170622 0.124762 0.939819 0.21137 10
0.175649 -0.117578 0.941864 0.21137 10
0.171206 0.123959 0.94391 0.21137 10
0.174537 -0.119223 0.945955 0.21137 10
0.173975 -0.120041 0.948 0.21137 10
0.171787 0.123153 0.950045 0.21137 10
0.17284 -0.121671 0.952091 0.21137 10
0.172363 0.122345 0.954136 0.21137 10
0.17169 -0.123289 0.956181 0.21137 10
0.172936 0.121534 0.958227 0.21137 10
0.170524 -0.124896 0.960272 0.21137 10
0.169935 -0.125696 0.962317 0.21137 10
0.173505 0.12072 0.964363 0.21137 10
0.168747 -0.127287 0.966408 0.21137 10
0.17407 0.119904 0.968453 0.21137 10
0.167543 -0.128866 0.970499 0.21137 10
0.174631 0.119085 0.972544 0.21137 10
0.166326 -0.130434 0.974589 0.21137 10
0.165711 -0.131214 0.976634 0.21137 10
0.175189 0.118263 0.97868 0.21137 10
0.164471 -0.132765 0.980725 0.21137 10
0.175742 0.117439 0.98277 0.21137 10
0.163216 -0.134304 0.984816 0.21137 10
0.176292 0.116612 0.986861 0.21137 10
0.161948 -0.135832 0.988906 0.21137 10
0.176838 0.115783 0.990952 0.21137 10
0.160665 -0.137347 0.992997 0.21137 10
0.160017 -0.1381 0.995042 0.21137 10
0.17738 0.114951 0.997088 0.21137 10
0.158713 -0.139598 0.999133 0.21137 10
0.177918 0.114117 1.00118 0.21137 10
0.157395 -0.141082 1.00322 0.21137 10
0.178452 0.11328 1.00527 0.21137 10
0.156063 -0.142555 1.00731 0.21137 10
0.155391 -0.143286 1.00936 0.21137 10
0.178982 0.11244 1.0114 0.21137 10
0.154038 -0.14474 1.01345 0.21137 10
0.179508 0.111598 1.0155 0.21137 10
0.152672 -0.14618 1.01754 0.21137 10
0.18003 0.110754 1.01959 0.21137 10
0.151292 -0.147608 1.02163 0.21137 10
0.180549 0.109907 1.02368 0.21137 10
0.149899 -0.149023 1.02572 0.21137 10
0.149197 -0.149725 1.02777 0.21137 10
0.181063 0.109058 1.02981 0.21137 10
0.147784 -0.15112 1.03186 0.21137 10
0.181573 0.108206 1.0339 0.21137 10
0.146358 -0.152502 1.03595 0.21137 10
0.182079 0.107352 1.03799 0.21137 10
0.144919 -0.15387 1.04004 0.21137 10
0.144194 -0.154549 1.04208 0.21137 10
0.182582 0.106496 1.04413 0.21137 10
0.142736 -0.155897 1.04617 0.21137 10
0.18308 0.105637 1.04822 0.21137 10
0.141265 -0.157231 1.05027 0.21137 10
0.183574 0.104776 1.05231 0.21137 10
0.139782 -0.158551 1.05436 0.21137 10
0.139036 -0.159206 1.0564 0.21137 10
0.184064 0.103912 1.05845 0.21137 10
0.137534 -0.160505 1.06049 0.21137 10
0.18455 0.103047 1.06254 0.21137 10
0.13602 -0.16179 1.06458 0.21137 10
0.185032 0.102179 1.06663 0.21137 10
0.134494 -0.16306 1.06867 0.21137 10
0.18551 0.101308 1.07072 0.21137 10
0.132957 -0.164317 1.07276 0.21137 10
0.132183 -0.164939 1.07481 0.21137 10
0.185984 0.100436 1.07685 0.21137 10
0.130628 -0.166174 1.0789 0.21137 10
0.186454 0.0995612 1.08095 0.21137 10
0.129061 -0.167394 1.08299 0.21137 10
0.186919 0.0986844 1.08504 0.21137 10
0.127483 -0.168599 1.08708 0.21137 10
0.126689 -0.169195 1.08913 0.21137 10
0.187381 0.0978054 1.09117 0.21137 10
0.100076 -0.136303 1.09322 0.169096 10
0.15027 0.0775392 1.09526 0.169096 10
0.0987909 -0.137237 1.09731 0.169096 10
0.150633 0.0768325 1.09935 0.169096 10
0.097497 -0.138158 1.1014 0.169096 10
0.0968471 -0.138615 1.10344 0.169096 10
0.150992 0.0761242 1.10549 0.169096 10
0.0955408 -0.139519 1.10753 0.169096 10
0.151348 0.0754142 1.10958 0.169096 10
0.0942259 -0.14041 1.11162 0.169096 10
0.1517 0.0747024 1.11367 0.169096 10
0.0929027 -0.141289 1.11572 0.169096 10
0.15205 0.0739889 1.11776 0.169096 10
0.0915711 -0.142156 1.11981 0.169096 10
0.0909026 -0.142584 1.12185 0.169096 10
0.152396 0.073274 1.1239 0.169096 10
0.0895591 -0.143432 1.12594 0.169096 10
0.152738 0.0725574 1.12799 0.169096 10
0.0882077 -0.144267 1.13003 0.169096 10
0.153077 0.0718391 1.13208 0.169096 10
0.0868485 -0.145089 1.13412 0.169096 10
0.0861659 -0.145495 1.13617 0.169096 10
0.153413 0.0711193 1.13821 0.169096 10
0.0847955 -0.146299 1.14026 0.169096 10
0.153745 0.070398 1.1423 0.169096 10
0.0834174 -0.147089 1.14435 0.169096 10
0.154074 0.069675 1.14639 0.169096 10
0.0820317 -0.147866 1.14844 0.169096 10
0.1544 0.0689505 1.15049 0.169096 10
0.0806391 -0.14863 1.15253 0.169096 10
0.0799401 -0.149007 1.15458 0.169096 10
0.154722 0.0682245 1.15662 0.169096 10
0.0785367 -0.149752 1.15867 0.169096 10
0.155041 0.067497 1.16071 0.169096 10
0.0771265 -0.150483 1.16276 0.169096 10
0.155356 0.0667681 1.1648 0.169096 10
0.0757096 -0.151201 1.16685 0.169096 10
0.0749986 -0.151554 1.16889 0.169096 10
0.155668 0.0660375 1.17094 0.169096 10
0.0735714 -0.152252 1.17298 0.169096 10
0.155977 0.0653056 1.17503 0.169096 10
0.0721378 -0.152937 1.17707 0.169096 10
0.156281 0.0645722 1.17912 0.169096 10
0.0706978 -0.153608 1.18117 0.169096 10
0.0699756 -0.153938 1.18321 0.169096 10
0.156583 0.0638374 1.18526 0.169096 10
0.0685267 -0.154589 1.1873 0.169096 10
0.156882 0.0631013 1.18935 0.169096 10
0.0670714 -0.155226 1.19139 0.169096 10
0.157176 0.0623637 1.19344 0.169096 10
0.0656102 -0.155849 1.19548 0.169096 10
0.157467 0.0616248 1.19753 0.169096 10
0.0641432 -0.156458 1.19957 0.169096 10
0.0634077 -0.156758 1.20162 0.169096 10
0.157755 0.0608845 1.20366 0.169096 10
0.0619321 -0.157347 1.20571 0.169096 10
0.158039 0.0601429 1.20775 0.169096 10
0.0604513 -0.157921 1.2098 0.169096 10
0.15832 0.0593998 1.21184 0.169096 10
0.0589652 -0.158482 1.21389 0.169096 10
0.0582201 -0.158758 1.21594 0.169096 10
0.158597 0.0586556 1.21798 0.169096 10
0.056726 -0.159298 1.22003 0.169096 10
0.158871 0.05791 1.22207 0.169096 10
0.0552273 -0.159824 1.22412 0.169096 10
0.159141 0.0571631 1.22616 0.169096 10
0.0537233 -0.160335 1.22821 0.169096 10
0.159408 0.0564148 1.23025 0.169096 10
0.0522146 -0.160833 1.2323 0.169096 10
0.0514588 -0.161076 1.23434 0.169096 10
0.159671 0.0556656 1.23639 0.169096 10
0.0499432 -0.161553 1.23843 0.169096 10
0.159931 0.0549148 1.24048 0.169096 10
0.0484233 -0.162015 1.24252 0.169096 10
0.160187 0.0541631 1.24457 0.169096 10
0.0468993 -0.162462 1.24662 0.169096 10
0.0461357 -0.162681 1.24866 0.169096 10
0.160439 0.0534102 1.25071 0.169096 10
0.0446055 -0.163107 1.25275 0.169096 10
0.160689 0.0526558 1.2548 0.169096 10
0.0430713 -0.163519 1.25684 0.169096 10
0.160934 0.0519005 1.25889 0.169096 10
0.041533 -0.163916 1.26093 0.169096 10
0.0407627 -0.16411 1.26298 0.169096 10
0.161176 0.051144 1.26502 0.169096 10
0.0392194 -0.164485 1.26707 0.169096 10
0.161415 0.0503864 1.26911 0.169096 10
0.0376725 -0.164847 1.27116 0.169096 10
0.161649 0.0496277 1.2732 0.169096 10
0.0361221 -0.165193 1.27525 0.169096 10
0.161881 0.0488678 1.27729 0.169096 10
0.0345685 -0.165525 1.27934 0.169096 10
0.0337906 -0.165686 1.28139 0.169096 10
0.162109 0.0481069 1.28343 0.169096 10
0.0322328 -0.165996 1.28548 0.169096 10
0.162333 0.0473449 1.28752 0.169096 10
0.0306721 -0.166291 1.28957 0.169096 10
0.162554 0.0465819 1.29161 0.169096 10
0.0291085 -0.166572 1.29366 0.169096 10
0.0283258 -0.166707 1.2957 0.169096 10
0.162771 0.0458177 1.29775 0.169096 10
0.0267584 -0.166966 1.29979 0.169096 10
0.162984 0.0450528 1.30184 0.169096 10
0.0251889 -0.16721 1.30388 0.169096 10
0.163194 0.0442867 1.30593 0.169096 10
0.023617 -0.167439 1.30797 0.169096 10
0.0228302 -0.167548 1.31002 0.169096 10
0.1634 0.0435196 1.31206 0.169096 10
0.0212553 -0.167755 1.31411 0.169096 10
0.163602 0.0427517 1.31616 0.169096 10
0.0196786 -0.167947 1.3182 0.169096 10
0.163801 0.0419828 1.32025 0.169096 10
0.0180998 -0.168125 1.32229 0.169096 10
0.163997 0.0412129 1.32434 0.169096 10
0.0165198 -0.168287 1.32638 0.169096 10
0.015729 -0.168363 1.32843 0.169096 10
0.164189 0.0404422 1.33047 0.169096 10
0.0141466 -0.168503 1.33252 0.169096 10
0.164377 0.0396706 1.33456 0.169096 10
0.012563 -0.168629 1.33661 0.169096 10
0.164561 0.038898 1.33865 0.169096 10
0.0109785 -0.168739 1.3407 0.169096 10
0.0101857 -0.168789 1.34274 0.169096 10
0.164742 0.0381247 1.34479 0.169096 10
0.00859952 -0.168877 1.34684 0.169096 10
0.164919 0.0373503 1.34888 0.169096 10
0.00701284 -0.168951 1.35093 0.169096 10
0.165093 0.0365753 1.35297 0.169096 10
0.00542545 -0.169009 1.35502 0.169096 10
0.165263 0.0357995 1.35706 0.169096 10
0.00383735 -0.169052 1.35911 0.169096 10
0.00304317 -0.169069 1.36115 0.169096 10
0.165429 0.0350229 1.3632 0.169096 10
0.00145483 -0.16909 1.36524 0.169096 10
0.165592 0.0342454 1.36729 0.169096 10
-0.000133753 -0.169096 1.36933 0.169096 10
0.165751 0.0334672 1.37138 0.169096 10
-0.00172234 -0.169087 1.37342 0.169096 10
-0.00251651 -0.169077 1.37547 0.169096 10
0.165906 0.0326883 1.37751 0.169096 10
-0.00410461 -0.169046 1.37956 0.169096 10
0.166058 0.0319086 1.38161 0.169096 10
-0.00569248 -0.169 1.38365 0.169096 10
0.166206 0.0311282 1.3857 0.169096 10
-0.00727987 -0.168939 1.38774 0.169096 10
-0.00807333 -0.168903 1.38979 0.169096 10
0.166351 0.0303472 1.39183 0.169096 10
-0.00965953 -0.16882 1.39388 0.169096 10
0.166492 0.0295655 1.39592 0.169096 10
-0.0112453 -0.168722 1.39797 0.169096 10
0.166628 0.0287831 1.40001 0.169096 10
-0.0128295 -0.168609 1.40206 0.169096 10
0.166762 0.0280001 1.4041 0.169096 10
-0.0144131 -0.168481 1.40615 0.169096 10
-0.0152044 -0.168411 1.40819 0.169096 10
0.166891 0.0272164 1.41024 0.169096 10
-0.0167859 -0.168261 1.41228 0.169096 10
0.167017 0.0264324 1.41433 0.169096 10
-0.0183654 -0.168096 1.41638 0.169096 10
0.16714 0.0256475 1.41842 0.169096 10
-0.0199437 -0.167916 1.42047 0.169096 10
-0.0207324 -0.16782 1.42251 0.169096 10
0.167259 0.0248622 1.42456 0.169096 10
-0.0223079 -0.167618 1.4266 0.169096 10
0.167373 0.0240762 1.42865 0.169096 10
-0.0238814 -0.167401 1.43069 0.169096 10
0.167485 0.0232898 1.43274 0.169096 10
-0.0254531 -0.167169 1.43478 0.169096 10
-0.026238 -0.167048 1.43683 0.169096 10
0.167592 0.0225029 1.43887 0.169096 10
-0.027806 -0.166794 1.44092 0.169096 10
0.167696 0.0217154 1.44296 0.169096 10
-0.029372 -0.166526 1.44501 0.169096 10
0.167796 0.0209274 1.44706 0.169096 10
-0.030935 -0.166242 1.4491 0.169096 10
0.167892 0.0201391 1.45115 0.169096 10
-0.032495 -0.165944 1.45319 0.169096 10
-0.0332742 -0.16579 1.45524 0.169096 10
0.167985 0.0193502 1.45728 0.169096 10
-0.0348303 -0.16547 1.45933 0.169096 10
0.168074 0.0185611 1.46137 0.169096 10
-0.0363832 -0.165136 1.46342 0.169096 10
0.16816 0.0177714 1.46546 0.169096 10
-0.0379329 -0.164787 1.46751 0.169096 10
-0.0387065 -0.164607 1.46955 0.169096 10
0.168242 0.0169814 1.4716 0.169096 10
-0.0402513 -0.164236 1.47364 0.169096 10
0.168319 0.016191 1.47569 0.169096 10
-0.0417922 -0.163851 1.47773 0.169096 10
0.168393 0.0154001 1.47978 0.169096 10
-0.0433295 -0.163451 1.48183 0.169096 10
0.168464 0.014609 1.48387 0.169096 10
-0.0448632 -0.163036 1.48592 0.169096 10
-0.0456285 -0.162824 1.48796 0.169096 10
0.16853 0.0138174 1.49001 0.169096 10
-0.0471563 -0.162388 1.49205 0.169096 10
0.168594 0.0130256 1.4941 0.169096 10
-0.0486796 -0.161938 1.49614 0.169096 10
0.168653 0.0122337 1.49819 0.169096 10
-0.0501988 -0.161473 1.50023 0.169096 10
-0.0509565 -0.161236 1.50228 0.169096 10
0.168709 0.0114413 1.50432 0.169096 10
-0.052469 -0.16075 1.50637 0.169096 10
0.16876 0.0106488 1.50841 0.169096 10
-0.0539768 -0.16025 1.51046 0.169096 10
0.168809 0.00985599 1.51251 0.169096 10
-0.0554798 -0.159736 1.51455 0.169096 10
-0.0562296 -0.159474 1.5166 0.169096 10
0.168853 0.00906301 1.51864 0.169096 10
-0.0577252 -0.158938 1.52069 0.169096 10
0.168894 0.00826967 1.52273 0.169096 10
-0.0592158 -0.158389 1.52478 0.169096 10
0.168931 0.00747621 1.52682 0.169096 10
-0.0607007 -0.157826 1.52887 0.169096 10
0.168964 0.00668275 1.53091 0.169096 10
-0.0621808 -0.157249 1.53296 0.169096 10
-0.0629187 -0.156955 1.535 0.169096 10
0.168994 0.00588894 1.53705 0.169096 10
-0.0643904 -0.156357 1.53909 0.169096 10
0.169019 0.00509524 1.54114 0.169096 10
-0.0658565 -0.155745 1.54318 0.169096 10
0.169041 0.00430119 1.54523 0.169096 10
-0.0673165 -0.15512 1.54728 0.169096 10
-0.0680447 -0.154801 1.54932 0.169096 10
0.16906 0.00350714 1.55137 0.169096 10
-0.0694957 -0.154155 1.55341 0.169096 10
0.169074 0.00271308 1.55546 0.169096 10
-0.0709407 -0.153496 1.5575 0.169096 10
0.169085 0.00191879 1.55955 0.169096 10
-0.0723796 -0.152823 1.56159 0.169096 10
0.169092 0.0011245 1.56364 0.169096 10
-0.073812 -0.152136 1.56568 0.169096 10
-0.0745258 -0.151787 1.56773 0.169096 10
0.169096 0.000330329 1.56977 0.169096 10
-0.0759485 -0.151081 1.57182 0.169096 10
0.169096 -0.000463963 1.57386 0.169096 10
-0.0773644 -0.15036 1.57591 0.169096 10
0.169091 -0.00125825 1.57795 0.169096 10
-0.0787735 -0.149627 1.58 0.169096 10
-0.0794754 -0.149255 1.58205 0.169096 10
0.169084 -0.00205243 1.58409 0.169096 10
-0.080874 -0.148502 1.58614 0.169096 10
0.169072 -0.0028466 1.58818 0.169096 10
-0.0822656 -0.147736 1.59023 0.169096 10
0.169057 -0.00364065 1.59227 0.169096 10
-0.0836499 -0.146957 1.59432 0.169096 10
-0.0843391 -0.146562 1.59636 0.169096 10
0.169038 -0.0044347 1.59841 0.169096 10
-0.0857124 -0.145763 1.60045 0.169096 10
0.169015 -0.00522864 1.6025 0.169096 10
-0.0870779 -0.144952 1.60454 0.169096 10
0.168989 -0.00602257 1.60659 0.169096 10
-0.0884359 -0.144127 1.60863 0.169096 10
0.168959 -0.00681615 1.61068 0.169096 10
-0.0897858 -0.14329 1.61273 0.169096 10
-0.0904579 -0.142867 1.61477 0.169096 10
0.168925 -0.00760972 1.61682 0.169096 10
-0.0917959 -0.142011 1.61886 0.169096 10
0.168887 -0.00840306 1.62091 0.169096 10
-0.0931258 -0.141142 1.62295 0.169096 10
0.168846 -0.00919628 1.625 0.169096 10
-0.0944479 -0.140261 1.62704 0.169096 10
-0.0951056 -0.139816 1.62909 0.169096 10
0.168801 -0.00998938 1.63113 0.169096 10
-0.0964148 -0.138916 1.63318 0.169096 10
0.168752 -0.010782 1.63522 0.169096 10
-0.0977156 -0.138004 1.63727 0.169096 10
0.1687 -0.0115746 1.63931 0.169096 10
-0.0990078 -0.137081 1.64136 0.169096 10
-0.0996504 -0.136614 1.6434 0.169096 10
0.168643 -0.0123669 1.64545 0.169096 10
-0.100929 -0.135671 1.6475 0.169096 10
0.168583 -0.0131589 1.64954 0.169096 10
-0.1022 -0.134717 1.65159 0.169096 10
0.16852 -0.0139506 1.65363 0.169096 10
-0.103461 -0.133752 1.65568 0.169096 10
0.168452 -0.0147419 1.65772 0.169096 10
-0.104712 -0.132774 1.65977 0.169096 10
-0.105335 -0.13228 1.66181 0.169096 10
0.168381 -0.015533 1.66386 0.169096 10
-0.106573 -0.131285 1.6659 0.169096 10
0.168306 -0.0163238 1.66795 0.169096 10
-0.107801 -0.130278 1.66999 0.169096 10
0.168228 -0.0171142 1.67204 0.169096 10
-0.10902 -0.12926 1.67408 0.169096 10
-0.109627 -0.128746 1.67613 0.169096 10
0.168146 -0.0179043 1.67817 0.169096 10
-0.110831 -0.12771 1.68022 0.169096 10
0.16806 -0.0186938 1.68227 0.169096 10
-0.112026 -0.126664 1.68431 0.169096 10
0.16797 -0.019483 1.68636 0.169096 10
-0.113211 -0.125606 1.6884 0.169096 10
0.167876 -0.0202718 1.69045 0.169096 10
-0.114386 -0.124537 1.69249 0.169096 10
-0.114969 -0.123998 1.69454 0.169096 10
0.167779 -0.0210602 1.69658 0.169096 10
-0.116129 -0.122913 1.69863 0.169096 10
0.167679 -0.0218481 1.70067 0.169096 10
-0.117279 -0.121816 1.70272 0.169096 10
0.167574 -0.0226352 1.70476 0.169096 10
-0.118418 -0.120709 1.70681 0.169096 10
-0.118984 -0.120152 1.70885 0.169096 10
0.167466 -0.0234221 1.7109 0.169096 10
-0.120107 -0.119028 1.71295 0.169096 10
0.167354 -0.0242085 1.71499 0.169096 10
-0.12122 -0.117895 1.71704 0.169096 10
0.167239 -0.0249945 1.71908 0.169096 10
-0.122322 -0.116751 1.72113 0.169096 10
-0.122869 -0.116175 1.72317 0.169096 10
0.16712 -0.0257796 1.72522 0.169096 10
-0.123955 -0.115016 1.72726 0.169096 10
0.166996 -0.0265642 1.72931 0.169096 10
-0.12503 -0.113846 1.73135 0.169096 10
0.16687 -0.0273486 1.7334 0.169096 10
-0.126094 -0.112667 1.73544 0.169096 10
0.166739 -0.0281321 1.73749 0.169096 10
-0.127147 -0.111477 1.73953 0.169096 10
-0.127669 -0.110879 1.74158 0.169096 10
0.166606 -0.0289148 1.74362 0.169096 10
-0.128705 -0.109675 1.74567 0.169096 10
0.166468 -0.0296971 1.74772 0.169096 10
-0.12973 -0.108461 1.74976 0.169096 10
0.166327 -0.0304786 1.75181 0.169096 10
-0.130743 -0.107237 1.75385 0.169096 10
-0.131245 -0.106622 1.7559 0.169096 10
0.166182 -0.0312597 1.75794 0.169096 10
-0.132241 -0.105384 1.75999 0.169096 10
0.166033 -0.0320398 1.76203 0.169096 10
-0.133225 -0.104137 1.76408 0.169096 10
0.16588 -0.0328194 1.76612 0.169096 10
-0.134198 -0.102881 1.76817 0.169096 10
-0.13468 -0.10225 1.77021 0.169096 10
0.165725 -0.0335983 1.77226 0.169096 10
-0.135634 -0.10098 1.7743 0.169096 10
0.165565 -0.034376 1.77635 0.169096 10
-0.136577 -0.0997013 1.7784 0.169096 10
0.165402 -0.0351535 1.78044 0.169096 10
-0.137507 -0.0984138 1.78249 0.169096 10
0.165235 -0.0359298 1.78453 0.169096 10
-0.138426 -0.0971178 1.78658 0.169096 10
-0.13888 -0.0964664 1.78862 0.169096 10
0.165064 -0.0367054 1.79067 0.169096 10
-0.139781 -0.0951575 1.79271 0.169096 10
0.16489 -0.0374805 1.79476 0.169096 10
-0.140668 -0.09384 1.7968 0.169096 10
0.164712 -0.0382544 1.79885 0.169096 10
-0.141544 -0.0925146 1.80089 0.169096 10
-0.141977 -0.0918487 1.80294 0.169096 10
0.164531 -0.0390278 1.80498 0.169096 10
-0.142833 -0.090511 1.80703 0.169096 10
0.164346 -0.0398003 1.80907 0.169096 10
-0.143677 -0.0891651 1.81112 0.169096 10
0.164157 -0.0405718 1.81317 0.169096 10
-0.144509 -0.0878116 1.81521 0.169096 10
0.163964 -0.0413424 1.81726 0.169096 10
-0.145327 -0.0864502 1.8193 0.169096 10
-0.145731 -0.0857664 1.82135 0.169096 10
0.163768 -0.042112 1.82339 0.169096 10
-0.146531 -0.0843939 1.82544 0.169096 10
0.163569 -0.0428809 1.82748 0.169096 10
-0.147317 -0.0830134 1.82953 0.169096 10
0.163365 -0.0436488 1.83157 0.169096 10
-0.14809 -0.0816258 1.83362 0.169096 10
-0.148472 -0.0809294 1.83566 0.169096 10
0.163159 -0.0444156 1.83771 0.169096 10
-0.149226 -0.0795311 1.83975 0.169096 10
0.162948 -0.0451816 1.8418 0.169096 10
-0.149966 -0.0781256 1.84384 0.169096 10
0.162734 -0.0459465 1.84589 0.169096 10
-0.150694 -0.0767137 1.84794 0.169096 10
-0.151052 -0.0760051 1.84998 0.169096 10
0.162516 -0.0467104 1.85203 0.169096 10
-0.15176 -0.0745827 1.85407 0.169096 10
0.162295 -0.0474733 1.85612 0.169096 10
-0.152453 -0.0731536 1.85816 0.169096 10
0.162071 -0.0482348 1.86021 0.169096 10
-0.153134 -0.0717183 1.86225 0.169096 10
0.161842 -0.0489956 1.8643 0.169096 10
-0.153801 -0.0702764 1.86634 0.169096 10
-0.15413 -0.0695533 1.86839 0.169096 10
0.16161 -0.0497552 1.87043 0.169096 10
-0.154776 -0.0681022 1.87248 0.169096 10
0.161375 -0.0505139 1.87452 0.169096 10
-0.155409 -0.0666453 1.87657 0.169096 10
0.161136 -0.0512713 1.87862 0.169096 10
-0.156028 -0.0651823 1.88066 0.169096 10
-0.156332 -0.0644487 1.88271 0.169096 10
0.160893 -0.0520276 1.88475 0.169096 10
-0.156931 -0.0629772 1.8868 0.169096 10
0.160647 -0.0527827 1.88884 0.169096 10
-0.157516 -0.0615002 1.89089 0.169096 10
0.160397 -0.0535368 1.89293 0.169096 10
-0.158087 -0.0600179 1.89498 0.169096 10
-0.158367 -0.0592748 1.89702 0.169096 10
0.160144 -0.0542895 1.89907 0.169096 10
-0.158917 -0.0577842 1.90111 0.169096 10
0.159887 -0.0550412 1.90316 0.169096 10
-0.159452 -0.0562888 1.9052 0.169096 10
0.159627 -0.0557917 1.90725 0.169096 10
-0.159974 -0.0547885 1.90929 0.169096 10
0.159363 -0.0565408 1.91134 0.169096 10
-0.160482 -0.0532831 1.91339 0.169096 10
-0.16073 -0.0525287 1.91543 0.169096 10
0.159096 -0.0572885 1.91748 0.169096 10
-0.161217 -0.0510167 1.91952 0.169096 10
0.158825 -0.0580355 1.92157 0.169096 10
-0.161689 -0.0494999 1.92361 0.169096 10
0.158551 -0.0587808 1.92566 0.169096 10
-0.162147 -0.0479785 1.9277 0.169096 10
-0.16237 -0.0472165 1.92975 0.169096 10
0.158273 -0.0595249 1.93179 0.169096 10
-0.162807 -0.0456892 1.93384 0.169096 10
0.157991 -0.0602676 1.93588 0.169096 10
-0.163229 -0.0441576 1.93793 0.169096 10
0.157707 -0.061009 1.93997 0.169096 10
-0.163636 -0.0426222 1.94202 0.169096 10
0.157418 -0.0617493 1.94406 0.169096 10
-0.16403 -0.0410832 1.94611 0.169096 10
-0.164221 -0.0403124 1.94816 0.169096 10
0.157127 -0.062488 1.9502 0.169096 10
-0.164592 -0.0387677 1.95225 0.169096 10
0.156832 -0.0632252 1.95429 0.169096 10
-0.164949 -0.0372199 1.95634 0.169096 10
0.156533 -0.0639611 1.95838 0.169096 10
-0.165292 -0.0356687 1.96043 0.169096 10
-0.165457 -0.034892 1.96247 0.169096 10
0.156231 -0.0646957 1.96452 0.169096 10
-0.165778 -0.0333363 1.96656 0.169096 10
0.155925 -0.0654289 1.96861 0.169096 10
-0.166084 -0.0317775 1.97065 0.169096 10
0.155616 -0.0661606 1.9727 0.169096 10
-0.166375 -0.0302156 1.97474 0.169096 10
-0.166515 -0.0294338 1.97679 0.169096 10
0.155303 -0.0668908 1.97884 0.169096 10
-0.166784 -0.0278686 1.98088 0.169096 10
0.154988 -0.0676194 1.98293 0.169096 10
-0.167038 -0.0263005 1.98497 0.169096 10
0.154668 -0.0683469 1.98702 0.169096 10
-0.167278 -0.02473 1.98906 0.169096 10
0.154346 -0.0690724 1.99111 0.169096 10
-0.167503 -0.0231575 1.99315 0.169096 10
-0.16761 -0.0223706 1.9952 0.169096 10
0.154019 -0.0697969 1.99724 0.169096 10
-0.167813 -0.0207949 1.99929 0.169096 10
0.15369 -0.0705193 2.00133 0.169096 10
-0.168001 -0.0192176 2.00338 0.169096 10
0.153357 -0.0712405 2.00542 0.169096 10
-0.168174 -0.0176383 2.00747 0.169096 10
-0.168255 -0.0168482 2.00951 0.169096 10
0.153021 -0.0719601 2.01156 0.169096 10
-0.168406 -0.015267 2.01361 0.169096 10
0.152681 -0.0726782 2.01565 0.169096 10
-0.168542 -0.0136844 2.0177 0.169096 10
0.152338 -0.0733944 2.01974 0.169096 10
-0.168663 -0.0121003 2.02179 0.169096 10
0.151991 -0.0741092 2.02383 0.169096 10
-0.168769 -0.0105155 2.02588 0.169096 10
-0.168817 -0.00972247 2.02792 0.169096 10
0.151642 -0.0748223 2.02997 0.169096 10
-0.1689 -0.00813627 2.03201 0.169096 10
0.151289 -0.0755337 2.03406 0.169096 10
-0.168969 -0.00654924 2.0361 0.169096 10
0.150932 -0.0762435 2.03815 0.169096 10
-0.169024 -0.00496149 2.04019 0.169096 10
-0.169045 -0.00416756 2.04224 0.169096 10
0.150572 -0.0769516 2.04429 0.169096 10
-0.169076 -0.00257933 2.04633 0.169096 10
0.150209 -0.0776581 2.04838 0.169096 10
-0.169093 -0.000990987 2.05042 0.169096 10
0.149843 -0.0783628 2.05247 0.169096 10
-0.211369 0.000746846 2.05451 0.21137 10
-0.211363 0.00173974 2.05656 0.21137 10
0.186841 -0.098832 2.0586 0.21137 10
-0.211338 0.00372529 2.06065 0.21137 10
0.186375 -0.0997087 2.06269 0.21137 10
-0.211293 0.00571048 2.06474 0.21137 10
0.185905 -0.100583 2.06678 0.21137 10
-0.21123 0.00769508 2.06883 0.21137 10
0.18543 -0.101455 2.07087 0.21137 10
-0.211149 0.00967908 2.07292 0.21137 10
-0.211101 0.0106708 2.07496 0.21137 10
0.184952 -0.102325 2.07701 0.21137 10
-0.210991 0.0126535 2.07906 0.21137 10
0.184469 -0.103192 2.0811 0.21137 10
-0.210863 0.0146348 2.08315 0.21137 10
0.183982 -0.104058 2.08519 0.21137 10
-0.210716 0.0166152 2.08724 0.21137 10
-0.210636 0.0176047 2.08928 0.21137 10
0.183491 -0.104921 2.09133 0.21137 10
-0.210461 0.0195826 2.09337 0.21137 10
0.182996 -0.105781 2.09542 0.21137 10
-0.210268 0.0215589 2.09746 0.21137 10
0.182497 -0.10664 2.09951 0.21137 10
-0.210056 0.0235332 2.10155 0.21137 10
-0.209943 0.0245196 2.1036 0.21137 10
0.181994 -0.107496 2.10564 0.21137 10
-0.209704 0.0264908 2.10769 0.21137 10
0.181488 -0.10835 2.10974 0.21137 10
-0.209445 0.0284595 2.11178 0.21137 10
0.180977 -0.109201 2.11383 0.21137 10
-0.209169 0.0304259 2.11587 0.21137 10
0.180462 -0.11005 2.11792 0.21137 10
-0.208874 0.0323895 2.11996 0.21137 10
-0.208719 0.0333704 2.12201 0.21137 10
0.179943 -0.110896 2.12405 0.21137 10
-0.208397 0.0353296 2.1261 0.21137 10
0.17942 -0.11174 2.12814 0.21137 10
-0.208056 0.0372857 2.13019 0.21137 10
0.178893 -0.112582 2.13223 0.21137 10
-0.207696 0.0392386 2.13428 0.21137 10
-0.20751 0.0402137 2.13632 0.21137 10
0.178362 -0.113421 2.13837 0.21137 10
-0.207123 0.0421612 2.14041 0.21137 10
0.177828 -0.114257 2.14246 0.21137 10
-0.206717 0.0441052 2.14451 0.21137 10
0.177289 -0.115091 2.14655 0.21137 10
-0.206294 0.0460452 2.1486 0.21137 10
0.176746 -0.115923 2.15064 0.21137 10
-0.205852 0.0479811 2.15269 0.21137 10
-0.205625 0.0489475 2.15473 0.21137 10
0.1762 -0.116752 2.15678 0.21137 10
-0.205156 0.050877 2.15882 0.21137 10
0.175649 -0.117578 2.16087 0.21137 10
-0.204669 0.0528021 2.16291 0.21137 10
0.175095 -0.118402 2.16496 0.21137 10
-0.204164 0.0547223 2.167 0.21137 10
-0.203905 0.0556808 2.16905 0.21137 10
0.174537 -0.119223 2.17109 0.21137 10
-0.203372 0.0575938 2.17314 0.21137 10
0.173975 -0.120041 2.17518 0.21137 10
-0.202822 0.0595018 2.17723 0.21137 10
0.173409 -0.120857 2.17928 0.21137 10
-0.202255 0.0614045 2.18132 0.21137 10
-0.201964 0.0623538 2.18337 0.21137 10
0.17284 -0.121671 2.18541 0.21137 10
-0.201369 0.0642483 2.18746 0.21137 10
0.172266 -0.122481 2.1895 0.21137 10
-0.200757 0.0661371 2.19155 0.21137 10
0.17169 -0.123289 2.19359 0.21137 10
-0.200127 0.0680202 2.19564 0.21137 10
0.171108 -0.124094 2.19768 0.21137 10
-0.199479 0.0698972 2.19973 0.21137 10
-0.199148 0.0708333 2.20177 0.21137 10
0.170524 -0.124896 2.20382 0.21137 10
-0.198474 0.0727011 2.20586 0.21137 10
0.169935 -0.125696 2.20791 0.21137 10
-0.197782 0.0745624 2.20995 0.21137 10
0.169343 -0.126493 2.212 0.21137 10
-0.197073 0.0764171 2.21405 0.21137 10
-0.196712 0.0773419 2.21609 0.21137 10
0.168747 -0.127287 2.21814 0.21137 10
-0.195977 0.0791866 2.22018 0.21137 10
0.168147 -0.128078 2.22223 0.21137 10
-0.195224 0.0810239 2.22427 0.21137 10
0.167543 -0.128866 2.22632 0.21137 10
-0.194454 0.0828544 2.22836 0.21137 10
-0.194063 0.0837669 2.23041 0.21137 10
0.166936 -0.129652 2.23245 0.21137 10
-0.193268 0.0855861 2.2345 0.21137 10
0.166326 -0.130434 2.23654 0.21137 10
-0.192455 0.0873979 2.23859 0.21137 10
0.165711 -0.131214 2.24063 0.21137 10
-0.191626 0.0892022 2.24268 0.21137 10
0.165093 -0.131991 2.24473 0.21137 10
-0.190779 0.0909983 2.24677 0.21137 10
-0.19035 0.0918934 2.24882 0.21137 10
0.164471 -0.132765 2.25086 0.21137 10
-0.189478 0.0936775 2.25291 0.21137 10
0.163846 -0.133536 2.25495 0.21137 10
-0.18859 0.0954534 2.257 0.21137 10
0.163216 -0.134304 2.25904 0.21137 10
-0.187685 0.0972208 2.26109 0.21137 10
-0.187226 0.0981014 2.26313 0.21137 10
0.162584 -0.13507 2.26518 0.21137 10
-0.186296 0.0998559 2.26722 0.21137 10
0.161948 -0.135832 2.26927 0.21137 10
-0.18535 0.101601 2.27131 0.21137 10
0.161308 -0.136591 2.27336 0.21137 10
-0.184387 0.103338 2.2754 0.21137 10
0.160665 -0.137347 2.27745 0.21137 10
-0.183408 0.105066 2.2795 0.21137 10
-0.182913 0.105926 2.28154 0.21137 10
0.160017 -0.1381 2.28359 0.21137 10
-0.18191 0.10764 2.28563 0.21137 10
0.159367 -0.13885 2.28768 0.21137 10
-0.18089 0.109344 2.28972 0.21137 10
0.158713 -0.139598 2.29177 0.21137 10
-0.179855 0.111038 2.29381 0.21137 10
-0.179332 0.111882 2.29586 0.21137 10
0.158056 -0.140341 2.2979 0.21137 10
-0.178273 0.113562 2.29995 0.21137 10
0.157395 -0.141082 2.30199 0.21137 10
-0.177198 0.115231 2.30404 0.21137 10
0.156731 -0.14182 2.30608 0.21137 10
-0.176108 0.116891 2.30813 0.21137 10
-0.175557 0.117717 2.31018 0.21137 10
0.156063 -0.142555 2.31222 0.21137 10
-0.174443 0.119361 2.31427 0.21137 10
0.155391 -0.143286 2.31631 0.21137 10
-0.173314 0.120994 2.31836 0.21137 10
0.154717 -0.144014 2.3204 0.21137 10
-0.17217 0.122617 2.32245 0.21137 10
0.154038 -0.14474 2.32449 0.21137 10
-0.17101 0.124229 2.32654 0.21137 10
-0.170425 0.125031 2.32858 0.21137 10
0.153357 -0.145461 2.33063 0.21137 10
-0.169243 0.126626 2.33267 0.21137 10
0.152672 -0.14618 2.33472 0.21137 10
-0.168046 0.128211 2.33676 0.21137 10
0.151984 -0.146896 2.33881 0.21137 10
-0.166834 0.129784 2.34085 0.21137 10
-0.166223 0.130566 2.3429 0.21137 10
0.151292 -0.147608 2.34495 0.21137 10
-0.164989 0.132122 2.34699 0.21137 10
0.150597 -0.148317 2.34904 0.21137 10
-0.16374 0.133666 2.35108 0.21137 10
0.149899 -0.149023 2.35313 0.21137 10
-0.194973 0.162238 2.35517 0.253644 10
0.179036 -0.17967 2.35722 0.253644 10
-0.19344 0.164062 2.35926 0.253644 10
-0.192667 0.164969 2.36131 0.253644 10
0.17819 -0.180509 2.36335 0.253644 10
-0.191109 0.166772 2.3654 0.253644 10
0.177341 -0.181344 2.36744 0.253644 10
-0.189534 0.16856 2.36949 0.253644 10
0.176487 -0.182175 2.37153 0.253644 10
-0.187942 0.170333 2.37358 0.253644 10
-0.18714 0.171214 2.37562 0.253644 10
0.175629 -0.183002 2.37767 0.253644 10
-0.185524 0.172964 2.37972 0.253644 10
0.174768 -0.183825 2.38176 0.253644 10
-0.18389 0.174699 2.38381 0.253644 10
0.173902 -0.184644 2.38585 0.253644 10
-0.182241 0.176419 2.3879 0.253644 10
-0.181411 0.177273 2.38994 0.253644 10
0.173033 -0.185459 2.39199 0.253644 10
-0.179737 0.178969 2.39403 0.253644 10
0.17216 -0.18627 2.39608 0.253644 10
-0.178048 0.18065 2.39812 0.253644 10
0.171283 -0.187076 2.40017 0.253644 10
-0.176343 0.182315 2.40221 0.253644 10
0.170403 -0.187879 2.40426 0.253644 10
-0.174623 0.183963 2.4063 0.253644 10
-0.173757 0.184781 2.40835 0.253644 10
0.169518 -0.188677 2.4104 0.253644 10
-0.172013 0.186406 2.41244 0.253644 10
0.16863 -0.189471 2.41449 0.253644 10
-0.170254 0.188013 2.41653 0.253644 10
0.167738 -0.190261 2.41858 0.253644 10
-0.168481 0.189604 2.42062 0.253644 10
-0.167588 0.190394 2.42267 0.253644 10
0.166843 -0.191047 2.42471 0.253644 10
-0.165792 0.19196 2.42676 0.253644 10
0.165944 -0.191828 2.4288 0.253644 10
-0.163981 0.193509 2.43085 0.253644 10
0.16504 -0.192606 2.43289 0.253644 10
-0.162156 0.19504 2.43494 0.253644 10
-0.161239 0.1958 2.43698 0.253644 10
0.164134 -0.193379 2.43903 0.253644 10
-0.159392 0.197306 2.44107 0.253644 10
0.163224 -0.194148 2.44312 0.253644 10
-0.157531 0.198794 2.44517 0.253644 10
0.16231 -0.194912 2.44721 0.253644 10
-0.155657 0.200266 2.44926 0.253644 10
0.161393 -0.195673 2.4513 0.253644 10
-0.153769 0.201719 2.45335 0.253644 10
-0.15282 0.202439 2.45539 0.253644 10
0.160472 -0.196428 2.45744 0.253644 10
-0.150911 0.203866 2.45948 0.253644 10
0.159548 -0.19718 2.46153 0.253644 10
-0.148989 0.205275 2.46357 0.253644 10
0.15862 -0.197927 2.46562 0.253644 10
-0.147054 0.206665 2.46766 0.253644 10
-0.146082 0.207354 2.46971 0.253644 10
0.157688 -0.19867 2.47175 0.253644 10
-0.144128 0.208717 2.4738 0.253644 10
0.156753 -0.199409 2.47585 0.253644 10
-0.142161 0.210062 2.47789 0.253644 10
0.155815 -0.200143 2.47994 0.253644 10
-0.140181 0.211388 2.48198 0.253644 10
0.154873 -0.200872 2.48403 0.253644 10
-0.138189 0.212695 2.48607 0.253644 10
-0.137189 0.213342 2.48812 0.253644 10
0.153928 -0.201598 2.49016 0.253644 10
-0.135178 0.214621 2.49221 0.253644 10
0.15298 -0.202318 2.49425 0.253644 10
-0.133156 0.215882 2.4963 0.253644 10
0.152027 -0.203035 2.49834 0.253644 10
-0.131122 0.217123 2.50039 0.253644 10
-0.130101 0.217736 2.50243 0.253644 10
0.151072 -0.203746 2.50448 0.253644 10
-0.12805 0.218949 2.50652 0.253644 10
0.150113 -0.204454 2.50857 0.253644 10
-0.125987 0.220142 2.51062 0.253644 10
0.149152 -0.205157 2.51266 0.253644 10
-0.144566 0.258202 2.51471 0.295918 10
-0.143352 0.258878 2.51675 0.295918 10
0.172884 -0.240164 2.5188 0.295918 10
-0.140913 0.260214 2.52084 0.295918 10
0.171754 -0.240974 2.52289 0.295918 10
-0.138463 0.261526 2.52493 0.295918 10
0.17062 -0.241778 2.52698 0.295918 10
-0.136 0.262815 2.52902 0.295918 10
0.169482 -0.242576 2.53107 0.295918 10
-0.133525 0.264081 2.53311 0.295918 10
-0.132283 0.264706 2.53516 0.295918 10
0.168341 -0.24337 2.5372 0.295918 10
-0.12979 0.265936 2.53925 0.295918 10
0.167196 -0.244158 2.54129 0.295918 10
-0.127286 0.267144 2.54334 0.295918 10
0.166047 -0.244941 2.54539 0.295918 10
-0.124771 0.268328 2.54743 0.295918 10
-0.123509 0.268911 2.54948 0.295918 10
0.164895 -0.245718 2.55152 0.295918 10
-0.120978 0.270059 2.55357 0.295918 10
0.163739 -0.24649 2.55561 0.295918 10
-0.118435 0.271184 2.55766 0.295918 10
0.16258 -0.247256 2.5597 0.295918 10
-0.115883 0.272285 2.56175 0.295918 10
-0.114603 0.272826 2.56379 0.295918 10
0.161416 -0.248017 2.56584 0.295918 10
-0.112034 0.27389 2.56788 0.295918 10
0.16025 -0.248773 2.56993 0.295918 10
-0.109457 0.274931 2.57197 0.295918 10
0.159079 -0.249522 2.57402 0.295918 10
-0.106869 0.275947 2.57607 0.295918 10
0.157905 -0.250267 2.57811 0.295918 10
-0.104272 0.276939 2.58016 0.295918 10
-0.10297 0.277425 2.5822 0.295918 10
0.156728 -0.251006 2.58425 0.295918 10
-0.100359 0.278381 2.58629 0.295918 10
0.155548 -0.251739 2.58834 0.295918 10
-0.0977399 0.279311 2.59038 0.295918 10
0.154364 -0.252467 2.59243 0.295918 10
-0.0951116 0.280217 2.59447 0.295918 10
-0.0937943 0.280661 2.59652 0.295918 10
0.153176 -0.253189 2.59856 0.295918 10
-0.0911536 0.281529 2.60061 0.295918 10
0.151985 -0.253906 2.60265 0.295918 10
-0.0885048 0.282373 2.6047 0.295918 10
0.150791 -0.254617 2.60674 0.295918 10
-0.0858483 0.283192 2.60879 0.295918 10
0.149593 -0.255323 2.61084 0.295918 10
-0.0950675 0.324556 2.61288 0.338192 10
-0.0935419 0.324998 2.61493 0.338192 10
0.169591 -0.292597 2.61697 0.338192 10
-0.0904846 0.325863 2.61902 0.338192 10
0.168215 -0.293391 2.62106 0.338192 10
-0.0874195 0.326699 2.62311 0.338192 10
0.166835 -0.294177 2.62515 0.338192 10
-0.0843468 0.327505 2.6272 0.338192 10
-0.0828073 0.327898 2.62924 0.338192 10
0.165451 -0.294958 2.63129 0.338192 10
-0.0797234 0.328661 2.63333 0.338192 10
0.164064 -0.295732 2.63538 0.338192 10
-0.0766325 0.329396 2.63742 0.338192 10
0.162673 -0.296499 2.63947 0.338192 10
-0.0735345 0.330101 2.64152 0.338192 10
-0.0719831 0.330443 2.64356 0.338192 10
0.161278 -0.29726 2.64561 0.338192 10
-0.068876 0.331105 2.64765 0.338192 10
0.15988 -0.298014 2.6497 0.338192 10
-0.0657625 0.331737 2.65174 0.338192 10
0.158479 -0.298761 2.65379 0.338192 10
-0.0626431 0.33234 2.65583 0.338192 10
0.157074 -0.299502 2.65788 0.338192 10
-0.0595183 0.332914 2.65992 0.338192 10
-0.0579543 0.33319 2.66197 0.338192 10
0.155665 -0.300237 2.66401 0.338192 10
-0.0548215 0.33372 2.66606 0.338192 10
0.154253 -0.300965 2.6681 0.338192 10
-0.0516841 0.33422 2.67015 0.338192 10
0.152838 -0.301686 2.67219 0.338192 10
-0.048542 0.334691 2.67424 0.338192 10
-0.0469694 0.334915 2.67629 0.338192 10
0.151419 -0.302401 2.67833 0.338192 10
-0.0438211 0.335341 2.68038 0.338192 10
0.149997 -0.303109 2.68242 0.338192 10
-0.0457525 0.377706 2.68447 0.380466 10
0.167143 -0.341786 2.68651 0.380466 10
-0.0422022 0.378119 2.68856 0.380466 10
0.165536 -0.342568 2.6906 0.380466 10
-0.0386484 0.378498 2.69265 0.380466 10
-0.03687 0.378676 2.69469 0.380466 10
0.163925 -0.343341 2.69674 0.380466 10
-0.0333111 0.379005 2.69878 0.380466 10
0.16231 -0.344108 2.70083 0.380466 10
-0.0297492 0.379302 2.70287 0.380466 10
0.160692 -0.344866 2.70492 0.380466 10
-0.0261846 0.379564 2.70696 0.380466 10
-0.0244014 0.379683 2.70901 0.380466 10
0.159071 -0.345617 2.71106 0.380466 10
-0.0208335 0.379896 2.7131 0.380466 10
0.157445 -0.346361 2.71515 0.380466 10
-0.0172637 0.380075 2.71719 0.380466 10
0.155817 -0.347096 2.71924 0.380466 10
-0.0136929 0.38022 2.72128 0.380466 10
-0.0119066 0.38028 2.72333 0.380466 10
0.154185 -0.347824 2.72537 0.380466 10
-0.00833368 0.380375 2.72742 0.380466 10
0.15255 -0.348544 2.72946 0.380466 10
-0.00476003 0.380437 2.73151 0.380466 10
0.150911 -0.349257 2.73355 0.380466 10
-0.00118613 0.380465 2.7356 0.380466 10
0.149268 -0.349962 2.73764 0.380466 10
0.0026536 0.422732 2.73969 0.422741 10
0.00463915 0.422715 2.74173 0.422741 10
0.164026 -0.389622 2.74378 0.422741 10
0.00861001 0.422653 2.74583 0.422741 10
0.162194 -0.390388 2.74787 0.422741 10
0.0125802 0.422553 2.74992 0.422741 10
0.160358 -0.391146 2.75196 0.422741 10
0.0165491 0.422416 2.75401 0.422741 10
0.018533 0.422334 2.75605 0.422741 10
0.158519 -0.391894 2.7581 0.422741 10
0.0224998 0.422141 2.76014 0.422741 10
0.156676 -0.392635 2.76219 0.422741 10
0.0264647 0.421911 2.76423 0.422741 10
0.154831 -0.393366 2.76628 0.422741 10
0.0304267 0.421644 2.76832 0.422741 10
0.0324068 0.421497 2.77037 0.422741 10
0.152981 -0.394089 2.77241 0.422741 10
0.036365 0.421174 2.77446 0.422741 10
0.151128 -0.394803 2.77651 0.422741 10
0.0403202 0.420813 2.77855 0.422741 10
0.149272 -0.395509 2.7806 0.422741 10
0.0486984 0.462458 2.78264 0.465015 10
0.162154 -0.435826 2.78469 0.465015 10
0.0530407 0.46198 2.78673 0.465015 10
0.0552104 0.461725 2.78878 0.465015 10
0.160105 -0.436583 2.79082 0.465015 10
0.0595453 0.461187 2.79287 0.465015 10
0.158053 -0.43733 2.79491 0.465015 10
0.063875 0.460607 2.79696 0.465015 10
0.155997 -0.438068 2.799 0.465015 10
0.0681996 0.459986 2.80105 0.465015 10
0.0703592 0.459661 2.80309 0.465015 10
0.153938 -0.438796 2.80514 0.465015 10
0.0746741 0.45898 2.80718 0.465015 10
0.151875 -0.439514 2.80923 0.465015 10
0.0789826 0.458258 2.81128 0.465015 10
0.149809 -0.440223 2.81332 0.465015 10
0.0908551 0.499086 2.81537 0.507289 10
0.16117 -0.481005 2.81741 0.507289 10
0.0955398 0.498211 2.81946 0.507289 10
0.0978789 0.497756 2.8215 0.507289 10
0.158909 -0.481757 2.82355 0.507289 10
0.102551 0.496815 2.82559 0.507289 10
0.156644 -0.482498 2.82764 0.507289 10
0.107213 0.49583 2.82968 0.507289 10
0.154376 -0.483228 2.83173 0.507289 10
0.111866 0.494801 2.83377 0.507289 10
0.114189 0.49427 2.83582 0.507289 10
0.152105 -0.483948 2.83786 0.507289 10
0.118827 0.493175 2.83991 0.507289 10
0.14983 -0.484657 2.84196 0.507289 10
0.133743 0.53304 2.844 0.549563 10
0.159848 -0.525802 2.84605 0.549563 10
0.138744 0.53176 2.84809 0.549563 10
0.141241 0.531103 2.85014 0.549563 10
0.157376 -0.526547 2.85218 0.549563 10
0.146224 0.529752 2.85423 0.549563 10
0.154901 -0.52728 2.85627 0.549563 10
0.151194 0.528356 2.85832 0.549563 10
0.152423 -0.528002 2.86036 0.549563 10
0.156151 0.526912 2.86241 0.549563 10
0.149941 -0.528712 2.86445 0.549563 10
0.173486 0.565839 2.8665 0.591837 10
0.176141 0.565018 2.86854 0.591837 10
0.158798 -0.570135 2.87059 0.591837 10
0.181442 0.563338 2.87263 0.591837 10
0.156119 -0.570874 2.87468 0.591837 10
0.186726 0.561609 2.87673 0.591837 10
0.153436 -0.571602 2.87877 0.591837 10
0.191993 0.55983 2.88082 0.591837 10
0.194621 0.558922 2.88286 0.591837 10
0.150749 -0.572316 2.88491 0.591837 10
0.199863 0.557069 2.88695 0.591837 10
0.148059 -0.573017 2.889 0.591837 10
0.219736 0.594822 2.89104 0.634111 10
0.155749 -0.614686 2.89309 0.634111 10
0.225314 0.592731 2.89513 0.634111 10
0.228096 0.591666 2.89718 0.634111 10
0.15286 -0.615411 2.89922 0.634111 10
0.233644 0.589497 2.90127 0.634111 10
0.149968 -0.616122 2.90331 0.634111 10
0.255116 0.626428 2.90536 0.676385 10
0.156877 -0.657941 2.9074 0.676385 10
0.26099 0.624004 2.90945 0.676385 10
0.153785 -0.65867 2.9115 0.676385 10
0.26684 0.621525 2.91354 0.676385 10
0.269756 0.620265 2.91559 0.676385 10
0.15069 -0.659385 2.91763 0.676385 10
0.275572 0.617703 2.91968 0.676385 10
0.147591 -0.660086 2.92172 0.676385 10
0.298947 0.65353 2.92377 0.718659 10
0.153519 -0.70207 2.92581 0.718659 10
0.305073 0.650693 2.92786 0.718659 10
0.308127 0.649252 2.9299 0.718659 10
0.15022 -0.702783 2.93195 0.718659 10
0.332695 0.684349 2.93399 0.760933 10
0.155559 -0.744862 2.93604 0.760933 10
0.339109 0.681193 2.93808 0.760933 10
0.152059 -0.745585 2.94013 0.760933 10
0.345493 0.677977 2.94218 0.760933 10
0.148555 -0.746291 2.94422 0.760933 10
0.371394 0.712185 2.94627 0.803207 10
0.374736 0.710433 2.94831 0.803207 10
0.153106 -0.788479 2.95036 0.803207 10
0.381393 0.706881 2.9524 0.803207 10
0.149401 -0.78919 2.95445 0.803207 10
0.408438 0.740281 2.95649 0.845481 10
0.153361 -0.831456 2.95854 0.845481 10
0.415375 0.736412 2.96058 0.845481 10
0.418829 0.734453 2.96263 0.845481 10
0.149453 -0.832167 2.96467 0.845481 10
0.446996 0.76701 2.96672 0.887755 10
0.15282 -0.874503 2.96876 0.887755 10
0.454181 0.762777 2.97081 0.887755 10
0.148711 -0.875211 2.97285 0.887755 10
0.483295 0.794595 2.9749 0.930029 10
0.487022 0.792315 2.97695 0.930029 10
0.151484 -0.917609 2.97899 0.930029 10
0.494444 0.787705 2.98104 0.930029 10
0.147172 -0.918311 2.98308 0.930029 10
0.524632 0.818618 2.98513 0.972303 10
0.14935 -0.960764 2.98717 0.972303 10
0.555442 0.84903 2.98922 1.01458 10
0.151133 -1.00326 2.99126 1.01458 10
0.563393 0.843774 2.99331 1.01458 10
0.567351 0.841118 2.99535 1.01458 10
0.146419 -1.00396 2.9974 1.01458 10
0.599195 0.870575 2.99944 1.05685 10
0.147606 -1.04649 3.00149 1.05685 10
0.63164 0.899504 3.00353 1.09913 10
0.148396 -1.08906 3.00558 1.09913 10
0.664681 0.927896 3.00763 1.1414 10
0.669032 0.924764 3.00967 1.1414 10
0.14879 -1.13166 3.01172 1.1414 10
0.702789 0.952455 3.01376 1.18367 10
0.148787 -1.17428 3.01581 1.18367 10
0.737124 0.979589 3.01785 1.22595 10
0.148386 -1.21693 3.0199 1.22595 10
0.772027 1.00616 3.02194 1.26822 10
0.147588 -1.2596 3.02399 1.26822 10
0.807494 1.03216 3.02603 1.3105 10
0.812333 1.02835 3.02808 1.3105 10
0.146392 -1.30229 3.03012 1.3105 10
0.874987 1.08653 3.03217 1.39504 10
0.149323 -1.38703 3.03421 1.39504 10
0.911978 1.11093 3.03626 1.43732 10
0.147134 -1.42977 3.0383 1.43732 10
0.976632 1.16716 3.04035 1.52187 10
0.982103 1.16256 3.0424 1.52187 10
0.148677 -1.51459 3.04444 1.52187 10
1.02056 1.18532 3.04649 1.56414 10
0.145493 -1.55736 3.04853 1.56414 10
1.08742 1.23923 3.05058 1.64869 10
0.145645 -1.64224 3.05262 1.64869 10
1.15537 1.29198 3.05467 1.73324 10
1.16143 1.28654 3.05671 1.73324 10
0.145003 -1.72716 3.05876 1.73324 10
1.25933 1.36891 3.0608 1.86006 10
0.146905 -1.85425 3.06285 1.86006 10
1.32995 1.4187 3.06489 1.94461 10
0.144476 -1.93923 3.06694 1.94461 10
1.43082 1.49785 3.06898 2.07143 10
0.144193 -2.0664 3.07103 2.07143 10
1.53329 1.57522 3.07307 2.19825 10
1.54067 1.568 3.07512 2.19825 10
0.142719 -2.19361 3.07717 2.19825 10
1.67498 1.67296 3.07921 2.36735 10
0.1426 -2.36305 3.08126 2.36735 10
1.84157 1.80511 3.0833 2.57872 10
0.14324 -2.57473 3.08535 2.57872 10
2.01077 1.93426 3.08739 2.79009 10
2.01984 1.92479 3.08944 2.79009 10
0.141893 -2.78648 3.09148 2.79009 10
2.22309 2.07898 3.09353 3.04373 10
0.140513 -3.04048 3.09557 3.04373 10
2.46054 2.25809 3.09762 3.33965 10
0.138502 -3.33677 3.09966 3.33965 10
2.79578 2.51777 3.10171 3.76239 10
2.80757 2.50461 3.10375 3.76239 10
0.138376 -3.75984 3.1058 3.76239 10
3.18087 2.78442 3.10785 4.2274 10
0.135633 -4.22522 3.10989 4.2274 10
3.71999 3.19512 3.11194 4.90379 10
0.13431 -4.90195 3.11398 4.90379 10
4.39637 3.70486 3.11603 5.74927 10
0.130471 -5.74778 3.11807 5.74927 10
5.4084 4.4715 3.12012 7.01749 10
5.42934 4.44605 3.12216 7.01749 10
0.126297 -7.01635 3.12421 7.01749 10
0 0 3.12625 0 -1
3.70854 1.97432 3.1283 0 -1
0 0 3.13034 0 -1
3.70854 1.97432 3.13239 0 -1
0 0 3.13443 0 -1
0 0 3.13648 0 -1
3.70854 1.97432 3.13852 0 -1
0 0 3.14057 0 -1
3.70854 1.97432 3.14262 0 -1
0 0 3.14466 0 -1
3.70854 1.97432 3.14671 0 -1
0 0 3.14875 0 -1
3.70854 1.97432 3.1508 0 -1
0 0 3.15284 0 -1
0 0 3.15489 0 -1
3.70854 1.97432 3.15693 0 -1
0 0 3.15898 0 -1
3.70854 1.97432 3.16102 0 -1
0 0 3.16307 0 -1
3.70854 1.97432 3.16511 0 -1
0 0 3.16716 0 -1
0 0 3.1692 0 -1
3.70854 1.97432 3.17125 0 -1
0 0 3.1733 0 -1
3.70854 1.97432 3.17534 0 -1
0 0 3.17739 0 -1
3.70854 1.97432 3.17943 0 -1
0 0 3.18148 0 -1
0 0 3.18352 0 -1
3.70854 1.97432 3.18557 0 -1
0 0 3.18761 0 -1
3.70854 1.97432 3.18966 0 -1
0 0 3.1917 0 -1
3.70854 1.97432 3.19375 0 -1
0 0 3.19579 0 -1
3.70854 1.97432 3.19784 0 -1
0 0 3.19988 0 -1
0 0 3.20193 0 -1
3.70854 1.97432 3.20397 0 -1
0 0 3.20602 0 -1
3.70854 1.97432 3.20807 0 -1
0 0 3.21011 0 -1
3.70854 1.97432 3.21216 0 -1
0 0 3.2142 0 -1
0 0 3.21625 0 -1
3.70854 1.97432 3.21829 0 -1
0 0 3.22034 0 -1
3.70854 1.97432 3.22238 0 -1
0 0 3.22443 0 -1
3.70854 1.97432 3.22647 0 -1
0 0 3.22852 0 -1
0 0 3.23056 0 -1
3.70854 1.97432 3.23261 0 -1
0 0 3.23465 0 -1
3.70854 1.97432 3.2367 0 -1
0 0 3.23874 0 -1
3.70854 1.97432 3.24079 0 -1
0 0 3.24284 0 -1
3.70854 1.97432 3.24488 0 -1
0 0 3.24693 0 -1
0 0 3.24897 0 -1
3.70854 1.97432 3.25102 0 -1
0 0 3.25306 0 -1
3.70854 1.97432 3.25511 0 -1
0 0 3.25715 0 -1
3.70854 1.97432 3.2592 0 -1
0 0 3.26124 0 -1
0 0 3.26329 0 -1
3.70854 1.97432 3.26533 0 -1
0 0 3.26738 0 -1
3.70854 1.97432 3.26942 0 -1
0 0 3.27147 0 -1
3.70854 1.97432 3.27351 0 -1
0 0 3.27556 0 -1
3.70854 1.97432 3.27761 0 -1
0 0 3.27965 0 -1
0 0 3.2817 0 -1
3.70854 1.97432 3.28374 0 -1
0 0 3.28579 0 -1
3.70854 1.97432 3.28783 0 -1
8.35733 2.59429 3.28988 8.75073 10
-1.31719 -8.65102 3.29192 8.75073 10
8.13839 2.44275 3.29397 8.49708 10
8.14977 2.40449 3.29601 8.49708 10
-1.31846 -8.39417 3.29806 8.49708 10
8.00937 2.2815 3.3001 8.32798 10
-1.33085 -8.22096 3.30215 8.32798 10
8.03045 2.20616 3.30419 8.32798 10
-1.36945 -8.21462 3.30624 8.32798 10
8.05082 2.13063 3.30829 8.32798 10
8.06074 2.09278 3.31033 8.32798 10
-1.40802 -8.20809 3.31238 8.32798 10
8.08005 2.01697 3.31442 8.32798 10
-1.44656 -8.20139 3.31647 8.32798 10
8.13975 1.95083 3.31851 8.37026 10
-1.49261 -8.2361 3.32056 8.37026 10
8.15771 1.87427 3.3226 8.37026 10
-1.53127 -8.229 3.32465 8.37026 10
8.17496 1.79756 3.32669 8.37026 10
8.18332 1.75914 3.32874 8.37026 10
-1.56991 -8.22172 3.33078 8.37026 10
8.19948 1.68219 3.33283 8.37026 10
-1.60851 -8.21425 3.33487 8.37026 10
8.21492 1.60508 3.33692 8.37026 10
-1.64708 -8.2066 3.33896 8.37026 10
8.22964 1.52784 3.34101 8.37026 10
8.23672 1.48917 3.34306 8.37026 10
-1.68561 -8.19878 3.3451 8.37026 10
8.29202 1.41886 3.34715 8.41253 10
-1.7328 -8.23214 3.34919 8.41253 10
8.30498 1.3409 3.35124 8.41253 10
-1.77145 -8.22391 3.35328 8.41253 10
8.31721 1.26282 3.35533 8.41253 10
-1.81006 -8.2155 3.35737 8.41253 10
8.32871 1.18463 3.35942 8.41253 10
8.33418 1.1455 3.36146 8.41253 10
-1.84863 -8.2069 3.36351 8.41253 10
8.34457 1.06716 3.36555 8.41253 10
-1.88716 -8.19813 3.3676 8.41253 10
8.39621 0.993685 3.36964 8.45481 10
-1.93532 -8.23033 3.37169 8.45481 10
8.40517 0.914768 3.37374 8.45481 10
8.40938 0.87528 3.37578 8.45481 10
-1.97396 -8.22115 3.37783 8.45481 10
8.41723 0.796239 3.37987 8.45481 10
-2.01255 -8.21178 3.38192 8.45481 10
8.42434 0.717132 3.38396 8.45481 10
-2.0511 -8.20224 3.38601 8.45481 10
8.47286 0.641152 3.38805 8.49708 10
8.47578 0.601345 3.3901 8.49708 10
-2.10006 -8.23348 3.39214 8.49708 10
8.48105 0.521697 3.39419 8.49708 10
-2.13871 -8.22352 3.39623 8.49708 10
8.48558 0.442003 3.39828 8.49708 10
-2.17731 -8.21339 3.40032 8.49708 10
8.48936 0.362269 3.40237 8.49708 10
-2.21587 -8.20307 3.40441 8.49708 10
8.53463 0.28391 3.40646 8.53936 10
8.53587 0.243817 3.40851 8.53936 10
-2.26559 -8.23333 3.41055 8.53936 10
8.53779 0.16362 3.4126 8.53936 10
-2.30424 -8.2226 3.41464 8.53936 10
8.53895 0.0834042 3.41669 8.53936 10
-2.34283 -8.21168 3.41873 8.53936 10
8.53935 0.00318539 3.42078 8.53936 10
8.53927 -0.0369223 3.42282 8.53936 10
-2.38138 -8.20059 3.42487 8.53936 10
8.58082 -0.117723 3.42691 8.58163 10
-2.43185 -8.22985 3.42896 8.58163 10
8.57934 -0.198326 3.431 8.58163 10
-2.47048 -8.21834 3.43305 8.58163 10
8.5771 -0.278912 3.43509 8.58163 10
8.57569 -0.319198 3.43714 8.58163 10
-2.50906 -8.20664 3.43918 8.58163 10
8.57232 -0.399745 3.44123 8.58163 10
-2.54757 -8.19477 3.44328 8.58163 10
8.61039 -0.482622 3.44532 8.6239 10
-2.59878 -8.22302 3.44737 8.6239 10
8.60548 -0.563486 3.44941 8.6239 10
-2.63737 -8.21072 3.45146 8.6239 10
8.5998 -0.644302 3.4535 8.6239 10
8.59668 -0.68469 3.45555 8.6239 10
-2.67591 -8.19825 3.45759 8.6239 10
8.63198 -0.76917 3.45964 8.66618 10
-2.7277 -8.22571 3.46168 8.66618 10
8.62437 -0.850225 3.46373 8.66618 10
-2.7663 -8.21281 3.46577 8.66618 10
8.616 -0.931209 3.46782 8.66618 10
8.61153 -0.971667 3.46986 8.66618 10
-2.80485 -8.19972 3.47191 8.66618 10
8.64399 -1.05766 3.47396 8.70845 10
-2.8572 -8.22639 3.476 8.70845 10
8.63367 -1.13881 3.47805 8.70845 10
-2.89581 -8.21288 3.48009 8.70845 10
8.62259 -1.21987 3.48214 8.70845 10
-2.93436 -8.19919 3.48418 8.70845 10
8.65255 -1.30713 3.48623 8.75073 10
8.64632 -1.34776 3.48827 8.75073 10
-2.98727 -8.22505 3.49032 8.75073 10
8.63327 -1.42892 3.49236 8.75073 10
-3.02587 -8.21093 3.49441 8.75073 10
8.61947 -1.50997 3.49645 8.75073 10
-3.06441 -8.19662 3.4985 8.75073 10
8.64647 -1.59855 3.50054 8.793 10
8.63887 -1.63915 3.50259 8.793 10
-3.11786 -8.22167 3.50463 8.793 10
8.62309 -1.72023 3.50668 8.793 10
-3.15644 -8.20693 3.50873 8.793 10
8.60655 -1.80117 3.51077 8.793 10
-3.19496 -8.19202 3.51282 8.793 10
8.63054 -1.89098 3.51486 8.83528 10
8.62157 -1.9315 3.51691 8.83528 10
-3.24895 -8.21623 3.51895 8.83528 10
8.60304 -2.01241 3.521 8.83528 10
-3.28751 -8.20088 3.52304 8.83528 10
8.62483 -2.10315 3.52509 8.87755 10
-3.3419 -8.22451 3.52713 8.87755 10
8.60469 -2.18408 3.52918 8.87755 10
-3.3805 -8.20872 3.53122 8.87755 10
8.58379 -2.26482 3.53327 8.87755 10
8.57306 -2.30511 3.53531 8.87755 10
-3.41902 -8.19275 3.53736 8.87755 10
8.59175 -2.39691 3.53941 8.91983 10
-3.47393 -8.21554 3.54145 8.91983 10
8.56885 -2.47751 3.5435 8.91983 10
-3.51248 -8.19913 3.54554 8.91983 10
8.5857 -2.57002 3.54759 8.9621 10
8.57353 -2.61032 3.54963 8.9621 10
-3.56778 -8.22133 3.55168 8.9621 10
8.54863 -2.69075 3.55372 8.9621 10
-3.60636 -8.20448 3.55577 8.9621 10
0 0 3.55781 0 -1
3.70854 1.97432 3.55986 0 -1
0 0 3.5619 0 -1
0 0 3.56395 0 -1
3.70854 1.97432 3.56599 0 -1
0 0 3.56804 0 -1
3.70854 1.97432 3.57008 0 -1
0 0 3.57213 0 -1
3.70854 1.97432 3.57418 0 -1
0 0 3.57622 0 -1
3.70854 1.97432 3.57827 0 -1
0 0 3.58031 0 -1
0 0 3.58236 0 -1
3.70854 1.97432 3.5844 0 -1
0 0 3.58645 0 -1
3.70854 1.97432 3.58849 0 -1
0 0 3.59054 0 -1
3.70854 1.97432 3.59258 0 -1
0 0 3.59463 0 -1
0 0 3.59667 0 -1
3.70854 1.97432 3.59872 0 -1
0 0 3.60076 0 -1
3.70854 1.97432 3.60281 0 -1
0 0 3.60485 0 -1
3.70854 1.97432 3.6069 0 -1
0 0 3.60895 0 -1
3.70854 1.97432 3.61099 0 -1
0 0 3.61304 0 -1
0 0 3.61508 0 -1
3.70854 1.97432 3.61713 0 -1
0 0 3.61917 0 -1
3.70854 1.97432 3.62122 0 -1
0 0 3.62326 0 -1
3.70854 1.97432 3.62531 0 -1
0 0 3.62735 0 -1
0 0 3.6294 0 -1
3.70854 1.97432 3.63144 0 -1
0 0 3.63349 0 -1
3.70854 1.97432 3.63553 0 -1
0 0 3.63758 0 -1
3.70854 1.97432 3.63963 0 -1
0 0 3.64167 0 -1
0 0 3.64372 0 -1
3.70854 1.97432 3.64576 0 -1
0 0 3.64781 0 -1
3.70854 1.97432 3.64985 0 -1
0 0 3.6519 0 -1
3.70854 1.97432 3.65394 0 -1
0 0 3.65599 0 -1
3.70854 1.97432 3.65803 0 -1
0 0 3.66008 0 -1
0 0 3.66212 0 -1
3.70854 1.97432 3.66417 0 -1
0 0 3.66621 0 -1
3.70854 1.97432 3.66826 0 -1
0 0 3.6703 0 -1
3.70854 1.97432 3.67235 0 -1
0 0 3.6744 0 -1
0 0 3.67644 0 -1
3.70854 1.97432 3.67849 0 -1
0 0 3.68053 0 -1
3.70854 1.97432 3.68258 0 -1
0 0 3.68462 0 -1
3.70854 1.97432 3.68667 0 -1
0 0 3.68871 0 -1
3.70854 1.97432 3.69076 0 -1
0 0 3.6928 0 -1
0 0 3.69485 0 -1
3.70854 1.97432 3.69689 0 -1
0 0 3.69894 0 -1
3.70854 1.97432 3.70098 0 -1
0 0 3.70303 0 -1
3.70854 1.97432 3.70508 0 -1
0 0 3.70712 0 -1
0 0 3.70917 0 -1
3.70854 1.97432 3.71121 0 -1
0 0 3.71326 0 -1
3.70854 1.97432 3.7153 0 -1
0 0 3.71735 0 -1
3.70854 1.97432 3.71939 0 -1
0 0 3.72144 0 -1
0 0 3.72348 0 -1
3.70854 1.97432 3.72553 0 -1
0 0 3.72757 0 -1
3.70854 1.97432 3.72962 0 -1
0 0 3.73166 0 -1
3.70854 1.97432 3.73371 0 -1
0 0 3.73575 0 -1
3.70854 1.97432 3.7378 0 -1
0 0 3.73985 0 -1
0 0 3.74189 0 -1
3.70854 1.97432 3.74394 0 -1
0 0 3.74598 0 -1
3.70854 1.97432 3.74803 0 -1
0 0 3.75007 0 -1
3.70854 1.97432 3.75212 0 -1
0 0 3.75416 0 -1
0 0 3.75621 0 -1
3.70854 1.97432 3.75825 0 -1
0 0 3.7603 0 -1
3.70854 1.97432 3.76234 0 -1
0 0 3.76439 0 -1
3.70854 1.97432 3.76643 0 -1
0 0 3.76848 0 -1
0 0 3.77052 0 -1
3.70854 1.97432 3.77257 0 -1
0 0 3.77462 0 -1
3.70854 1.97432 3.77666 0 -1
0 0 3.77871 0 -1
3.70854 1.97432 3.78075 0 -1
0 0 3.7828 0 -1
3.70854 1.97432 3.78484 0 -1
0 0 3.78689 0 -1
0 0 3.78893 0 -1
3.70854 1.97432 3.79098 0 -1
0 0 3.79302 0 -1
3.70854 1.97432 3.79507 0 -1
0 0 3.79711 0 -1
3.70854 1.97432 3.79916 0 -1
0 0 3.8012 0 -1
0 0 3.80325 0 -1
3.70854 1.97432 3.80529 0 -1
0 0 3.80734 0 -1
3.70854 1.97432 3.80939 0 -1
0 0 3.81143 0 -1
3.70854 1.97432 3.81348 0 -1
0 0 3.81552 0 -1
3.70854 1.97432 3.81757 0 -1
0 0 3.81961 0 -1
0 0 3.82166 0 -1
3.70854 1.97432 3.8237 0 -1
0 0 3.82575 0 -1
3.70854 1.97432 3.82779 0 -1
0 0 3.82984 0 -1
3.70854 1.97432 3.83188 0 -1
0 0 3.83393 0 -1
0 0 3.83597 0 -1
3.70854 1.97432 3.83802 0 -1
0 0 3.84007 0 -1
3.70854 1.97432 3.84211 0 -1
0 0 3.84416 0 -1
3.70854 1.97432 3.8462 0 -1
0 0 3.84825 0 -1
0 0 3.85029 0 -1
3.70854 1.97432 3.85234 0 -1
0 0 3.85438 0 -1
3.70854 1.97432 3.85643 0 -1
0 0 3.85847 0 -1
3.70854 1.97432 3.86052 0 -1
0 0 3.86256 0 -1
3.70854 1.97432 3.86461 0 -1
0 0 3.86665 0 -1
0 0 3.8687 0 -1
3.70854 1.97432 3.87074 0 -1
0 0 3.87279 0 -1
3.70854 1.97432 3.87484 0 -1
0 0 3.87688 0 -1
3.70854 1.97432 3.87893 0 -1
0 0 3.88097 0 -1
0 0 3.88302 0 -1
3.70854 1.97432 3.88506 0 -1
0 0 3.88711 0 -1
3.70854 1.97432 3.88915 0 -1
0 0 3.8912 0 -1
3.70854 1.97432 3.89324 0 -1
0 0 3.89529 0 -1
0 0 3.89733 0 -1
3.70854 1.97432 3.89938 0 -1
0 0 3.90142 0 -1
3.70854 1.97432 3.90347 0 -1
0 0 3.90552 0 -1
3.70854 1.97432 3.90756 0 -1
0 0 3.90961 0 -1
3.70854 1.97432 3.91165 0 -1
0 0 3.9137 0 -1
0 0 3.91574 0 -1
3.70854 1.97432 3.91779 0 -1
0 0 3.91983 0 -1
3.70854 1.97432 3.92188 0 -1
0 0 3.92392 0 -1
3.70854 1.97432 3.92597 0 -1
0 0 3.92801 0 -1
0 0 3.93006 0 -1
3.70854 1.97432 3.9321 0 -1
0 0 3.93415 0 -1
3.70854 1.97432 3.93619 0 -1
0 0 3.93824 0 -1
3.70854 1.97432 3.94029 0 -1
0 0 3.94233 0 -1
3.70854 1.97432 3.94438 0 -1
0 0 3.94642 0 -1
0 0 3.94847 0 -1
3.70854 1.97432 3.95051 0 -1
0 0 3.95256 0 -1
3.70854 1.97432 3.9546 0 -1
0 0 3.95665 0 -1
3.70854 1.97432 3.95869 0 -1
0 0 3.96074 0 -1
0 0 3.96278 0 -1
3.70854 1.97432 3.96483 0 -1
0 0 3.96687 0 -1
3.70854 1.97432 3.96892 0 -1
0 0 3.97096 0 -1
3.70854 1.97432 3.97301 0 -1
0 0 3.97506 0 -1
0 0 3.9771 0 -1
3.70854 1.97432 3.97915 0 -1
0 0 3.98119 0 -1
3.70854 1.97432 3.98324 0 -1
0 0 3.98528 0 -1
3.70854 1.97432 3.98733 0 -1
0 0 3.98937 0 -1
3.70854 1.97432 3.99142 0 -1
0 0 3.99346 0 -1
0 0 3.99551 0 -1
3.70854 1.97432 3.99755 0 -1
0 0 3.9996 0 -1
3.70854 1.97432 4.00164 0 -1
0 0 4.00369 0 -1
3.70854 1.97432 4.00574 0 -1
0 0 4.00778 0 -1
0 0 4.00983 0 -1
3.70854 1.97432 4.01187 0 -1
0 0 4.01392 0 -1
3.70854 1.97432 4.01596 0 -1
0 0 4.01801 0 -1
3.70854 1.97432 4.02005 0 -1
0 0 4.0221 0 -1
3.70854 1.97432 4.02414 0 -1
0 0 4.02619 0 -1
0 0 4.02823 0 -1
3.70854 1.97432 4.03028 0 -1
0 0 4.03232 0 -1
3.70854 1.97432 4.03437 0 -1
0 0 4.03641 0 -1
3.70854 1.97432 4.03846 0 -1
0 0 4.04051 0 -1
0 0 4.04255 0 -1
3.70854 1.97432 4.0446 0 -1
0 0 4.04664 0 -1
3.70854 1.97432 4.04869 0 -1
0 0 4.05073 0 -1
3.70854 1.97432 4.05278 0 -1
0 0 4.05482 0 -1
0 0 4.05687 0 -1
3.70854 1.97432 4.05891 0 -1
0 0 4.06096 0 -1
3.70854 1.97432 4.063 0 -1
0 0 4.06505 0 -1
3.70854 1.97432 4.06709 0 -1
0 0 4.06914 0 -1
3.70854 1.97432 4.07119 0 -1
0 0 4.07323 0 -1
0 0 4.07528 0 -1
3.70854 1.97432 4.07732 0 -1
0 0 4.07937 0 -1
3.70854 1.97432 4.08141 0 -1
0 0 4.08346 0 -1
3.70854 1.97432 4.0855 0 -1
0 0 4.08755 0 -1
0 0 4.08959 0 -1
3.70854 1.97432 4.09164 0 -1
0 0 4.09368 0 -1
3.70854 1.97432 4.09573 0 -1
0 0 4.09777 0 -1
3.70854 1.97432 4.09982 0 -1
0 0 4.10186 0 -1
0 0 4.10391 0 -1
3.70854 1.97432 4.10596 0 -1
0 0 4.108 0 -1
3.70854 1.97432 4.11005 0 -1
0 0 4.11209 0 -1
3.70854 1.97432 4.11414 0 -1
0 0 4.11618 0 -1
3.70854 1.97432 4.11823 0 -1
0 0 4.12027 0 -1
0 0 4.12232 0 -1
3.70854 1.97432 4.12436 0 -1
0 0 4.12641 0 -1
3.70854 1.97432 4.12845 0 -1
0 0 4.1305 0 -1
3.70854 1.97432 4.13254 0 -1
0 0 4.13459 0 -1
0 0 4.13663 0 -1
3.70854 1.97432 4.13868 0 -1
0 0 4.14073 0 -1
3.70854 1.97432 4.14277 0 -1
0 0 4.14482 0 -1
3.70854 1.97432 4.14686 0 -1
0 0 4.14891 0 -1
3.70854 1.97432 4.15095 0 -1
0 0 4.153 0 -1
0 0 4.15504 0 -1
3.70854 1.97432 4.15709 0 -1
0 0 4.15913 0 -1
3.70854 1.97432 4.16118 0 -1
0 0 4.16322 0 -1
3.70854 1.97432 4.16527 0 -1
0 0 4.16731 0 -1
0 0 4.16936 0 -1
3.70854 1.97432 4.17141 0 -1
0 0 4.17345 0 -1
3.70854 1.97432 4.1755 0 -1
0 0 4.17754 0 -1
3.70854 1.97432 4.17959 0 -1
0 0 4.18163 0 -1
0 0 4.18368 0 -1
3.70854 1.97432 4.18572 0 -1
0 0 4.18777 0 -1
3.70854 1.97432 4.18981 0 -1
0 0 4.19186 0 -1
3.70854 1.97432 4.1939 0 -1
0 0 4.19595 0 -1
3.70854 1.97432 4.19799 0 -1
0 0 4.20004 0 -1
0 0 4.20208 0 -1
3.70854 1.97432 4.20413 0 -1
0 0 4.20618 0 -1
3.70854 1.97432 4.20822 0 -1
0 0 4.21027 0 -1
3.70854 1.97432 4.21231 0 -1
0 0 4.21436 0 -1
0 0 4.2164 0 -1
3.70854 1.97432 4.21845 0 -1
0 0 4.22049 0 -1
3.70854 1.97432 4.22254 0 -1
0 0 4.22458 0 -1
3.70854 1.97432 4.22663 0 -1
0 0 4.22867 0 -1
0 0 4.23072 0 -1
3.70854 1.97432 4.23276 0 -1
0 0 4.23481 0 -1
3.70854 1.97432 4.23686 0 -1
0 0 4.2389 0 -1
3.70854 1.97432 4.24095 0 -1
0 0 4.24299 0 -1
3.70854 1.97432 4.24504 0 -1
0 0 4.24708 0 -1
0 0 4.24913 0 -1
3.70854 1.97432 4.25117 0 -1
0 0 4.25322 0 -1
3.70854 1.97432 4.25526 0 -1
0 0 4.25731 0 -1
3.70854 1.97432 4.25935 0 -1
0 0 4.2614 0 -1
0 0 4.26344 0 -1
3.70854 1.97432 4.26549 0 -1
0 0 4.26753 0 -1
3.70854 1.97432 4.26958 0 -1
0 0 4.27163 0 -1
3.70854 1.97432 4.27367 0 -1
0 0 4.27572 0 -1
3.70854 1.97432 4.27776 0 -1
0 0 4.27981 0 -1
0 0 4.28185 0 -1
3.70854 1.97432 4.2839 0 -1
0 0 4.28594 0 -1
3.70854 1.97432 4.28799 0 -1
0 0 4.29003 0 -1
3.70854 1.97432 4.29208 0 -1
0 0 4.29412 0 -1
0 0 4.29617 0 -1
3.70854 1.97432 4.29821 0 -1
0 0 4.30026 0 -1
3.70854 1.97432 4.3023 0 -1
0 0 4.30435 0 -1
3.70854 1.97432 4.3064 0 -1
0 0 4.30844 0 -1
0 0 4.31049 0 -1
3.70854 1.97432 4.31253 0 -1
0 0 4.31458 0 -1
3.70854 1.97432 4.31662 0 -1
-2.63047 -4.92127 4.31867 5.58017 10
-5.15897 -2.12681 4.32071 5.58017 10
-2.65631 -4.85925 4.32276 5.5379 10
-5.12975 -2.08662 4.3248 5.5379 10
-2.66059 -4.76028 4.32685 5.45335 10
-2.68292 -4.74773 4.32889 5.45335 10
-5.06102 -2.03102 4.33094 5.45335 10
-2.70626 -4.68571 4.33298 5.41107 10
-5.0312 -1.99166 4.33503 5.41107 10
-2.72867 -4.62367 4.33708 5.3688 10
-5.00112 -1.95263 4.33912 5.3688 10
-2.72833 -4.52543 4.34117 5.28425 10
-2.74956 -4.51256 4.34321 5.28425 10
-4.93134 -1.89874 4.34526 5.28425 10
-2.79183 -4.48654 4.3473 5.28425 10
-4.9402 -1.87556 4.34935 5.28425 10
-2.83385 -4.46011 4.35139 5.28425 10
-4.94896 -1.85233 4.35344 5.28425 10
-2.87562 -4.43329 4.35548 5.28425 10
-4.9576 -1.82906 4.35753 5.28425 10
-2.91715 -4.40608 4.35957 5.28425 10
-2.93781 -4.39233 4.36162 5.28425 10
-4.96614 -1.80576 4.36366 5.28425 10
-2.95511 -4.32962 4.36571 5.24198 10
-4.93477 -1.76815 4.36775 5.24198 10
-2.99565 -4.30167 4.3698 5.24198 10
-4.94302 -1.74495 4.37185 5.24198 10
-3.03593 -4.27334 4.37389 5.24198 10
-3.05597 -4.25903 4.37594 5.24198 10
-4.95116 -1.72172 4.37798 5.24198 10
-3.09584 -4.23014 4.38003 5.24198 10
-4.9592 -1.69844 4.38207 5.24198 10
-3.13545 -4.20087 4.38412 5.24198 10
-4.96712 -1.67513 4.38616 5.24198 10
-3.14917 -4.13759 4.38821 5.1997 10
-3.16857 -4.12275 4.39025 5.1997 10
-4.93481 -1.63846 4.3923 5.1997 10
-3.20716 -4.0928 4.39434 5.1997 10
-4.94245 -1.61526 4.39639 5.1997 10
-3.24547 -4.06249 4.39843 5.1997 10
-4.94999 -1.59203 4.40048 5.1997 10
-3.31018 -4.06461 4.40252 5.24198 10
-4.99771 -1.58151 4.40457 5.24198 10
-3.34822 -4.03333 4.40662 5.24198 10
-3.36713 -4.01756 4.40866 5.24198 10
-5.00509 -1.55802 4.41071 5.24198 10
-3.43218 -4.01789 4.41275 5.28425 10
-5.05277 -1.54687 4.4148 5.28425 10
-3.44201 -3.95359 4.41684 5.24198 10
-5.0195 -1.51093 4.41889 5.24198 10
-3.50706 -3.9527 4.42093 5.28425 10
-3.52558 -3.93619 4.42298 5.28425 10
-5.06708 -1.49934 4.42502 5.28425 10
-3.56241 -3.90289 4.42707 5.28425 10
-5.07407 -1.47552 4.42911 5.28425 10
-3.62771 -3.90021 4.43116 5.32653 10
-5.12159 -1.46328 4.4332 5.32653 10
-3.66418 -3.86596 4.43525 5.32653 10
-3.6823 -3.8487 4.43729 5.32653 10
-5.12841 -1.43921 4.43934 5.32653 10
-3.7478 -3.84421 4.44139 5.3688 10
-5.17587 -1.42633 4.44343 5.3688 10
-3.84334 -3.86882 4.44548 5.45335 10
-5.26412 -1.42409 4.44752 5.45335 10
-3.93966 -3.89196 4.44957 5.5379 10
-5.35247 -1.42104 4.45161 5.5379 10
0 0 4.45366 0 -1
0 0 4.4557 0 -1
3.70854 1.97432 4.45775 0 -1
0 0 4.45979 0 -1
3.70854 1.97432 4.46184 0 -1
0 0 4.46388 0 -1
3.70854 1.97432 4.46593 0 -1
0 0 4.46797 0 -1
0 0 4.47002 0 -1
3.70854 1.97432 4.47207 0 -1
0 0 4.47411 0 -1
3.70854 1.97432 4.47616 0 -1
0 0 4.4782 0 -1
3.70854 1.97432 4.48025 0 -1
0 0 4.48229 0 -1
3.70854 1.97432 4.48434 0 -1
0 0 4.48638 0 -1
0 0 4.48843 0 -1
3.70854 1.97432 4.49047 0 -1
0 0 4.49252 0 -1
3.70854 1.97432 4.49456 0 -1
0 0 4.49661 0 -1
3.70854 1.97432 4.49865 0 -1
0 0 4.5007 0 -1
0 0 4.50275 0 -1
3.70854 1.97432 4.50479 0 -1
0 0 4.50684 0 -1
3.70854 1.97432 4.50888 0 -1
0 0 4.51093 0 -1
3.70854 1.97432 4.51297 0 -1
0 0 4.51502 0 -1
0 0 4.51706 0 -1
3.70854 1.97432 4.51911 0 -1
0 0 4.52115 0 -1
3.70854 1.97432 4.5232 0 -1
0 0 4.52524 0 -1
3.70854 1.97432 4.52729 0 -1
0 0 4.52933 0 -1
3.70854 1.97432 4.53138 0 -1
0 0 4.53342 0 -1
0 0 4.53547 0 -1
3.70854 1.97432 4.53752 0 -1
0 0 4.53956 0 -1
3.70854 1.97432 4.54161 0 -1
0 0 4.54365 0 -1
3.70854 1.97432 4.5457 0 -1
0 0 4.54774 0 -1
0 0 4.54979 0 -1
3.70854 1.97432 4.55183 0 -1
0 0 4.55388 0 -1
3.70854 1.97432 4.55592 0 -1
0 0 4.55797 0 -1
3.70854 1.97432 4.56001 0 -1
0 0 4.56206 0 -1
0 0 4.5641 0 -1
3.70854 1.97432 4.56615 0 -1
0 0 4.56819 0 -1
3.70854 1.97432 4.57024 0 -1
0 0 4.57229 0 -1
3.70854 1.97432 4.57433 0 -1
0 0 4.57638 0 -1
3.70854 1.97432 4.57842 0 -1
0 0 4.58047 0 -1
0 0 4.58251 0 -1
3.70854 1.97432 4.58456 0 -1
0 0 4.5866 0 -1
3.70854 1.97432 4.58865 0 -1
0 0 4.59069 0 -1
3.70854 1.97432 4.59274 0 -1
0 0 4.59478 0 -1
0 0 4.59683 0 -1
3.70854 1.97432 4.59887 0 -1
0 0 4.60092 0 -1
3.70854 1.97432 4.60296 0 -1
0 0 4.60501 0 -1
3.70854 1.97432 4.60706 0 -1
0 0 4.6091 0 -1
3.70854 1.97432 4.61115 0 -1
0 0 4.61319 0 -1
0 0 4.61524 0 -1
3.70854 1.97432 4.61728 0 -1
0 0 4.61933 0 -1
3.70854 1.97432 4.62137 0 -1
0 0 4.62342 0 -1
3.70854 1.97432 4.62546 0 -1
0 0 4.62751 0 -1
0 0 4.62955 0 -1
3.70854 1.97432 4.6316 0 -1
0 0 4.63364 0 -1
3.70854 1.97432 4.63569 0 -1
0 0 4.63774 0 -1
3.70854 1.97432 4.63978 0 -1
0 0 4.64183 0 -1
0 0 4.64387 0 -1
3.70854 1.97432 4.64592 0 -1
0 0 4.64796 0 -1
3.70854 1.97432 4.65001 0 -1
0 0 4.65205 0 -1
3.70854 1.97432 4.6541 0 -1
0 0 4.65614 0 -1
3.70854 1.97432 4.65819 0 -1
0 0 4.66023 0 -1
0 0 4.66228 0 -1
3.70854 1.97432 4.66432 0 -1
0 0 4.66637 0 -1
3.70854 1.97432 4.66842 0 -1
0 0 4.67046 0 -1
3.70854 1.97432 4.67251 0 -1
0 0 4.67455 0 -1
0 0 4.6766 0 -1
3.70854 1.97432 4.67864 0 -1
0 0 4.68069 0 -1
3.70854 1.97432 4.68273 0 -1
0 0 4.68478 0 -1
3.70854 1.97432 4.68682 0 -1
0 0 4.68887 0 -1
3.70854 1.97432 4.69091 0 -1
0 0 4.69296 0 -1
0 0 4.695 0 -1
3.70854 1.97432 4.69705 0 -1
0 0 4.69909 0 -1
3.70854 1.97432 4.70114 0 -1
0 0 4.70319 0 -1
3.70854 1.97432 4.70523 0 -1
0 0 4.70728 0 -1
0 0 4.70932 0 -1
3.70854 1.97432 4.71137 0 -1
0 0 4.71341 0 -1
3.70854 1.97432 4.71546 0 -1
0 0 4.7175 0 -1
3.70854 1.97432 4.71955 0 -1
0 0 4.72159 0 -1
0 0 4.72364 0 -1
3.70854 1.97432 4.72568 0 -1
0 0 4.72773 0 -1
3.70854 1.97432 4.72977 0 -1
0 0 4.73182 0 -1
3.70854 1.97432 4.73386 0 -1
0 0 4.73591 0 -1
3.70854 1.97432 4.73796 0 -1
0 0 4.74 0 -1
0 0 4.74205 0 -1
3.70854 1.97432 4.74409 0 -1
0 0 4.74614 0 -1
3.70854 1.97432 4.74818 0 -1
0 0 4.75023 0 -1
3.70854 1.97432 4.75227 0 -1
0 0 4.75432 0 -1
0 0 4.75636 0 -1
3.70854 1.97432 4.75841 0 -1
0 0 4.76045 0 -1
3.70854 1.97432 4.7625 0 -1
0 0 4.76454 0 -1
3.70854 1.97432 4.76659 0 -1
0 0 4.76863 0 -1
0 0 4.77068 0 -1
3.70854 1.97432 4.77273 0 -1
0 0 4.77477 0 -1
3.70854 1.97432 4.77682 0 -1
0 0 4.77886 0 -1
3.70854 1.97432 4.78091 0 -1
0 0 4.78295 0 -1
3.70854 1.97432 4.785 0 -1
0 0 4.78704 0 -1
0 0 4.78909 0 -1
3.70854 1.97432 4.79113 0 -1
0 0 4.79318 0 -1
3.70854 1.97432 4.79522 0 -1
0 0 4.79727 0 -1
3.70854 1.97432 4.79931 0 -1
0 0 4.80136 0 -1
0 0 4.80341 0 -1
3.70854 1.97432 4.80545 0 -1
0 0 4.8075 0 -1
3.70854 1.97432 4.80954 0 -1
0 0 4.81159 0 -1
3.70854 1.97432 4.81363 0 -1
0 0 4.81568 0 -1
3.70854 1.97432 4.81772 0 -1
0 0 4.81977 0 -1
0 0 4.82181 0 -1
3.70854 1.97432 4.82386 0 -1
0 0 4.8259 0 -1
3.70854 1.97432 4.82795 0 -1
0 0 4.82999 0 -1
3.70854 1.97432 4.83204 0 -1
0 0 4.83408 0 -1
0 0 4.83613 0 -1
3.70854 1.97432 4.83818 0 -1
0 0 4.84022 0 -1
3.70854 1.97432 4.84227 0 -1
0 0 4.84431 0 -1
3.70854 1.97432 4.84636 0 -1
0 0 4.8484 0 -1
0 0 4.85045 0 -1
3.70854 1.97432 4.85249 0 -1
0 0 4.85454 0 -1
3.70854 1.97432 4.85658 0 -1
0 0 4.85863 0 -1
3.70854 1.97432 4.86067 0 -1
0 0 4.86272 0 -1
3.70854 1.97432 4.86476 0 -1
0 0 4.86681 0 -1
0 0 4.86885 0 -1
3.70854 1.97432 4.8709 0 -1
0 0 4.87295 0 -1
3.70854 1.97432 4.87499 0 -1
0 0 4.87704 0 -1
3.70854 1.97432 4.87908 0 -1
0 0 4.88113 0 -1
0 0 4.88317 0 -1
3.70854 1.97432 4.88522 0 -1
0 0 4.88726 0 -1
3.70854 1.97432 4.88931 0 -1
0 0 4.89135 0 -1
3.70854 1.97432 4.8934 0 -1
0 0 4.89544 0 -1
0 0 4.89749 0 -1
3.70854 1.97432 4.89953 0 -1
0 0 4.90158 0 -1
3.70854 1.97432 4.90363 0 -1
0 0 4.90567 0 -1
3.70854 1.97432 4.90772 0 -1
0 0 4.90976 0 -1
3.70854 1.97432 4.91181 0 -1
0 0 4.91385 0 -1
0 0 4.9159 0 -1
3.70854 1.97432 4.91794 0 -1
0 0 4.91999 0 -1
3.70854 1.97432 4.92203 0 -1
0 0 4.92408 0 -1
3.70854 1.97432 4.92612 0 -1
0 0 4.92817 0 -1
0 0 4.93021 0 -1
3.70854 1.97432 4.93226 0 -1
0 0 4.9343 0 -1
3.70854 1.97432 4.93635 0 -1
0 0 4.9384 0 -1
3.70854 1.97432 4.94044 0 -1
0 0 4.94249 0 -1
3.70854 1.97432 4.94453 0 -1
0 0 4.94658 0 -1
0 0 4.94862 0 -1
3.70854 1.97432 4.95067 0 -1
0 0 4.95271 0 -1
3.70854 1.97432 4.95476 0 -1
0 0 4.9568 0 -1
3.70854 1.97432 4.95885 0 -1
0 0 4.96089 0 -1
0 0 4.96294 0 -1
3.70854 1.97432 4.96498 0 -1
0 0 4.96703 0 -1
3.70854 1.97432 4.96908 0 -1
0 0 4.97112 0 -1
3.70854 1.97432 4.97317 0 -1
0 0 4.97521 0 -1
0 0 4.97726 0 -1
3.70854 1.97432 4.9793 0 -1
0 0 4.98135 0 -1
3.70854 1.97432 4.98339 0 -1
0 0 4.98544 0 -1
3.70854 1.97432 4.98748 0 -1
0 0 4.98953 0 -1
3.70854 1.97432 4.99157 0 -1
0 0 4.99362 0 -1
0 0 4.99566 0 -1
3.70854 1.97432 4.99771 0 -1
0 0 4.99975 0 -1
3.70854 1.97432 5.0018 0 -1
0 0 5.00385 0 -1
3.70854 1.97432 5.00589 0 -1
0 0 5.00794 0 -1
0 0 5.00998 0 -1
3.70854 1.97432 5.01203 0 -1
0 0 5.01407 0 -1
3.70854 1.97432 5.01612 0 -1
0 0 5.01816 0 -1
3.70854 1.97432 5.02021 0 -1
0 0 5.02225 0 -1
3.70854 1.97432 5.0243 0 -1
0 0 5.02634 0 -1
0 0 5.02839 0 -1
3.70854 1.97432 5.03043 0 -1
0 0 5.03248 0 -1
3.70854 1.97432 5.03452 0 -1
0 0 5.03657 0 -1
3.70854 1.97432 5.03862 0 -1
0 0 5.04066 0 -1
0 0 5.04271 0 -1
3.70854 1.97432 5.04475 0 -1
0 0 5.0468 0 -1
3.70854 1.97432 5.04884 0 -1
0 0 5.05089 0 -1
3.70854 1.97432 5.05293 0 -1
0 0 5.05498 0 -1
0 0 5.05702 0 -1
3.70854 1.97432 5.05907 0 -1
0 0 5.06111 0 -1
3.70854 1.97432 5.06316 0 -1
0 0 5.0652 0 -1
3.70854 1.97432 5.06725 0 -1
0 0 5.0693 0 -1
3.70854 1.97432 5.07134 0 -1
0 0 5.07339 0 -1
0 0 5.07543 0 -1
3.70854 1.97432 5.07748 0 -1
0 0 5.07952 0 -1
3.70854 1.97432 5.08157 0 -1
0 0 5.08361 0 -1
3.70854 1.97432 5.08566 0 -1
0 0 5.0877 0 -1
0 0 5.08975 0 -1
3.70854 1.97432 5.09179 0 -1
0 0 5.09384 0 -1
3.70854 1.97432 5.09588 0 -1
0 0 5.09793 0 -1
3.70854 1.97432 5.09997 0 -1
0 0 5.10202 0 -1
0 0 5.10407 0 -1
3.70854 1.97432 5.10611 0 -1
0 0 5.10816 0 -1
3.70854 1.97432 5.1102 0 -1
0 0 5.11225 0 -1
3.70854 1.97432 5.11429 0 -1
0 0 5.11634 0 -1
3.70854 1.97432 5.11838 0 -1
0 0 5.12043 0 -1
0 0 5.12247 0 -1
3.70854 1.97432 5.12452 0 -1
0 0 5.12656 0 -1
3.70854 1.97432 5.12861 0 -1
0 0 5.13065 0 -1
3.70854 1.97432 5.1327 0 -1
0 0 5.13475 0 -1
0 0 5.13679 0 -1
3.70854 1.97432 5.13884 0 -1
0 0 5.14088 0 -1
3.70854 1.97432 5.14293 0 -1
0 0 5.14497 0 -1
3.70854 1.97432 5.14702 0 -1
0 0 5.14906 0 -1
3.70854 1.97432 5.15111 0 -1
0 0 5.15315 0 -1
0 0 5.1552 0 -1
3.70854 1.97432 5.15724 0 -1
0 0 5.15929 0 -1
3.70854 1.97432 5.16133 0 -1
0 0 5.16338 0 -1
3.70854 1.97432 5.16542 0 -1
0 0 5.16747 0 -1
0 0 5.16952 0 -1
3.70854 1.97432 5.17156 0 -1
0 0 5.17361 0 -1
3.70854 1.97432 5.17565 0 -1
0 0 5.1777 0 -1
3.70854 1.97432 5.17974 0 -1
0 0 5.18179 0 -1
0 0 5.18383 0 -1
3.70854 1.97432 5.18588 0 -1
0 0 5.18792 0 -1
3.70854 1.97432 5.18997 0 -1
0 0 5.19201 0 -1
3.70854 1.97432 5.19406 0 -1
0 0 5.1961 0 -1
3.70854 1.97432 5.19815 0 -1
0 0 5.20019 0 -1
0 0 5.20224 0 -1
3.70854 1.97432 5.20429 0 -1
0 0 5.20633 0 -1
3.70854 1.97432 5.20838 0 -1
0 0 5.21042 0 -1
3.70854 1.97432 5.21247 0 -1
0 0 5.21451 0 -1
0 0 5.21656 0 -1
3.70854 1.97432 5.2186 0 -1
0 0 5.22065 0 -1
3.70854 1.97432 5.22269 0 -1
0 0 5.22474 0 -1
3.70854 1.97432 5.22678 0 -1
0 0 5.22883 0 -1
0 0 5.23087 0 -1
3.70854 1.97432 5.23292 0 -1
0 0 5.23497 0 -1
3.70854 1.97432 5.23701 0 -1
0 0 5.23906 0 -1
3.70854 1.97432 5.2411 0 -1
0 0 5.24315 0 -1
3.70854 1.97432 5.24519 0 -1
0 0 5.24724 0 -1
0 0 5.24928 0 -1
3.70854 1.97432 5.25133 0 -1
0 0 5.25337 0 -1
3.70854 1.97432 5.25542 0 -1
0 0 5.25746 0 -1
3.70854 1.97432 5.25951 0 -1
0 0 5.26155 0 -1
0 0 5.2636 0 -1
3.70854 1.97432 5.26564 0 -1
0 0 5.26769 0 -1
3.70854 1.97432 5.26974 0 -1
0 0 5.27178 0 -1
3.70854 1.97432 5.27383 0 -1
0 0 5.27587 0 -1
3.70854 1.97432 5.27792 0 -1
0 0 5.27996 0 -1
0 0 5.28201 0 -1
3.70854 1.97432 5.28405 0 -1
0 0 5.2861 0 -1
3.70854 1.97432 5.28814 0 -1
0 0 5.29019 0 -1
3.70854 1.97432 5.29223 0 -1
0 0 5.29428 0 -1
0 0 5.29632 0 -1
3.70854 1.97432 5.29837 0 -1
0 0 5.30042 0 -1
3.70854 1.97432 5.30246 0 -1
0 0 5.30451 0 -1
3.70854 1.97432 5.30655 0 -1
0 0 5.3086 0 -1
0 0 5.31064 0 -1
3.70854 1.97432 5.31269 0 -1
0 0 5.31473 0 -1
3.70854 1.97432 5.31678 0 -1
0 0 5.31882 0 -1
3.70854 1.97432 5.32087 0 -1
0 0 5.32291 0 -1
3.70854 1.97432 5.32496 0 -1
0 0 5.327 0 -1
0 0 5.32905 0 -1
3.70854 1.97432 5.33109 0 -1
0 0 5.33314 0 -1
3.70854 1.97432 5.33519 0 -1
0 0 5.33723 0 -1
3.70854 1.97432 5.33928 0 -1
0 0 5.34132 0 -1
0 0 5.34337 0 -1
3.70854 1.97432 5.34541 0 -1
0 0 5.34746 0 -1
3.70854 1.97432 5.3495 0 -1
0 0 5.35155 0 -1
3.70854 1.97432 5.35359 0 -1
0 0 5.35564 0 -1
0 0 5.35768 0 -1
3.70854 1.97432 5.35973 0 -1
0 0 5.36177 0 -1
3.70854 1.97432 5.36382 0 -1
0 0 5.36586 0 -1
3.70854 1.97432 5.36791 0 -1
0 0 5.36996 0 -1
3.70854 1.97432 5.372 0 -1
0 0 5.37405 0 -1
0 0 5.37609 0 -1
3.70854 1.97432 5.37814 0 -1
-1.44708 6.69376 5.38018 6.84839 10
-5.36567 4.25558 5.38223 6.84839 10
-1.37559 6.66566 5.38427 6.80612 10
-5.31263 4.25431 5.38632 6.80612 10
-1.30476 6.6368 5.38836 6.76384 10
-1.27357 6.64286 5.39041 6.76384 10
-5.25971 4.25264 5.39245 6.76384 10
-1.20354 6.61294 5.3945 6.72157 10
-5.20693 4.25057 5.39654 6.72157 10
-1.13419 6.58229 5.39859 6.67929 10
-5.15429 4.24809 5.40064 6.67929 10
-1.0723 6.59266 5.40268 6.67929 10
-5.13428 4.27226 5.40473 6.67929 10
-1.01032 6.60244 5.40677 6.67929 10
-0.9793 6.60711 5.40882 6.67929 10
-5.11415 4.29632 5.41086 6.67929 10
-0.917187 6.61602 5.41291 6.67929 10
-5.09392 4.3203 5.41495 6.67929 10
-0.854998 6.62434 5.417 6.67929 10
-5.07357 4.34418 5.41904 6.67929 10
-0.792728 6.63208 5.42109 6.67929 10
-0.761569 6.63573 5.42313 6.67929 10
-5.05311 4.36796 5.42518 6.67929 10
-0.699196 6.6426 5.42722 6.67929 10
-5.03253 4.39165 5.42927 6.67929 10
-0.636768 6.64887 5.43131 6.67929 10
-5.01185 4.41524 5.43336 6.67929 10
-0.574277 6.65456 5.43541 6.67929 10
-0.543015 6.65718 5.43745 6.67929 10
-4.99106 4.43873 5.4395 6.67929 10
-0.48045 6.66199 5.44154 6.67929 10
-4.97015 4.46212 5.44359 6.67929 10
-0.415198 6.62402 5.44563 6.63702 10
-4.91781 4.45703 5.44768 6.63702 10
-0.355205 6.66984 5.44972 6.67929 10
-4.92801 4.50862 5.45177 6.67929 10
-0.294381 6.71512 5.45381 6.72157 10
-0.262838 6.71643 5.45586 6.72157 10
-4.93784 4.5604 5.4579 6.72157 10
-0.199729 6.7186 5.45995 6.72157 10
-4.91636 4.58354 5.46199 6.72157 10
-0.137468 6.76244 5.46404 6.76384 10
-4.92556 4.63556 5.46608 6.76384 10
-0.074394 6.80571 5.46813 6.80612 10
-0.0424278 6.80598 5.47018 6.80612 10
-4.93438 4.68776 5.47222 6.80612 10
0.0215127 6.80608 5.47427 6.80612 10
-4.91231 4.71088 5.47631 6.80612 10
0.0859761 6.84785 5.47836 6.84839 10
-4.9205 4.76331 5.4804 6.84839 10
0 0 5.48245 0 -1
3.70854 1.97432 5.48449 0 -1
0 0 5.48654 0 -1
0 0 5.48858 0 -1
3.70854 1.97432 5.49063 0 -1
0 0 5.49267 0 -1
3.70854 1.97432 5.49472 0 -1
0 0 5.49676 0 -1
3.70854 1.97432 5.49881 0 -1
0 0 5.50085 0 -1
0 0 5.5029 0 -1
3.70854 1.97432 5.50495 0 -1
0 0 5.50699 0 -1
3.70854 1.97432 5.50904 0 -1
0 0 5.51108 0 -1
3.70854 1.97432 5.51313 0 -1
0 0 5.51517 0 -1
0 0 5.51722 0 -1
3.70854 1.97432 5.51926 0 -1
0 0 5.52131 0 -1
3.70854 1.97432 5.52335 0 -1
0 0 5.5254 0 -1
3.70854 1.97432 5.52744 0 -1
0 0 5.52949 0 -1
3.70854 1.97432 5.53153 0 -1
0 0 5.53358 0 -1
0 0 5.53563 0 -1
3.70854 1.97432 5.53767 0 -1
0 0 5.53972 0 -1
3.70854 1.97432 5.54176 0 -1
0 0 5.54381 0 -1
3.70854 1.97432 5.54585 0 -1
0 0 5.5479 0 -1
0 0 5.54994 0 -1
3.70854 1.97432 5.55199 0 -1
0 0 5.55403 0 -1
3.70854 1.97432 5.55608 0 -1
0 0 5.55812 0 -1
3.70854 1.97432 5.56017 0 -1
0 0 5.56221 0 -1
0 0 5.56426 0 -1
3.70854 1.97432 5.56631 0 -1
0 0 5.56835 0 -1
3.70854 1.97432 5.5704 0 -1
0 0 5.57244 0 -1
3.70854 1.97432 5.57449 0 -1
0 0 5.57653 0 -1
3.70854 1.97432 5.57858 0 -1
0 0 5.58062 0 -1
0 0 5.58267 0 -1
3.70854 1.97432 5.58471 0 -1
0 0 5.58676 0 -1
3.70854 1.97432 5.5888 0 -1
0 0 5.59085 0 -1
3.70854 1.97432 5.59289 0 -1
0 0 5.59494 0 -1
0 0 5.59698 0 -1
3.70854 1.97432 5.59903 0 -1
0 0 5.60108 0 -1
3.70854 1.97432 5.60312 0 -1
0 0 5.60517 0 -1
3.70854 1.97432 5.60721 0 -1
0 0 5.60926 0 -1
3.70854 1.97432 5.6113 0 -1
0 0 5.61335 0 -1
0 0 5.61539 0 -1
3.70854 1.97432 5.61744 0 -1
0 0 5.61948 0 -1
3.70854 1.97432 5.62153 0 -1
0 0 5.62357 0 -1
3.70854 1.97432 5.62562 0 -1
0 0 5.62766 0 -1
0 0 5.62971 0 -1
3.70854 1.97432 5.63175 0 -1
0 0 5.6338 0 -1
3.70854 1.97432 5.63585 0 -1
0 0 5.63789 0 -1
3.70854 1.97432 5.63994 0 -1
0 0 5.64198 0 -1
0 0 5.64403 0 -1
3.70854 1.97432 5.64607 0 -1
0 0 5.64812 0 -1
3.70854 1.97432 5.65016 0 -1
0 0 5.65221 0 -1
3.70854 1.97432 5.65425 0 -1
0 0 5.6563 0 -1
3.70854 1.97432 5.65834 0 -1
0 0 5.66039 0 -1
0 0 5.66243 0 -1
3.70854 1.97432 5.66448 0 -1
0 0 5.66652 0 -1
3.70854 1.97432 5.66857 0 -1
0 0 5.67062 0 -1
3.70854 1.97432 5.67266 0 -1
0 0 5.67471 0 -1
0 0 5.67675 0 -1
3.70854 1.97432 5.6788 0 -1
0 0 5.68084 0 -1
3.70854 1.97432 5.68289 0 -1
0 0 5.68493 0 -1
3.70854 1.97432 5.68698 0 -1
0 0 5.68902 0 -1
0 0 5.69107 0 -1
3.70854 1.97432 5.69311 0 -1
0 0 5.69516 0 -1
3.70854 1.97432 5.6972 0 -1
0 0 5.69925 0 -1
3.70854 1.97432 5.7013 0 -1
0 0 5.70334 0 -1
3.70854 1.97432 5.70539 0 -1
0 0 5.70743 0 -1
0 0 5.70948 0 -1
3.70854 1.97432 5.71152 0 -1
0 0 5.71357 0 -1
3.70854 1.97432 5.71561 0 -1
0 0 5.71766 0 -1
3.70854 1.97432 5.7197 0 -1
0 0 5.72175 0 -1
0 0 5.72379 0 -1
3.70854 1.97432 5.72584 0 -1
0 0 5.72788 0 -1
3.70854 1.97432 5.72993 0 -1
0 0 5.73198 0 -1
3.70854 1.97432 5.73402 0 -1
0 0 5.73607 0 -1
3.70854 1.97432 5.73811 0 -1
0 0 5.74016 0 -1
0 0 5.7422 0 -1
3.70854 1.97432 5.74425 0 -1
0 0 5.74629 0 -1
3.70854 1.97432 5.74834 0 -1
0 0 5.75038 0 -1
3.70854 1.97432 5.75243 0 -1
0 0 5.75447 0 -1
0 0 5.75652 0 -1
3.70854 1.97432 5.75856 0 -1
0 0 5.76061 0 -1
3.70854 1.97432 5.76265 0 -1
0 0 5.7647 0 -1
3.70854 1.97432 5.76675 0 -1
0 0 5.76879 0 -1
0 0 5.77084 0 -1
3.70854 1.97432 5.77288 0 -1
0 0 5.77493 0 -1
3.70854 1.97432 5.77697 0 -1
0 0 5.77902 0 -1
3.70854 1.97432 5.78106 0 -1
0 0 5.78311 0 -1
3.70854 1.97432 5.78515 0 -1
0 0 5.7872 0 -1
0 0 5.78924 0 -1
3.70854 1.97432 5.79129 0 -1
0 0 5.79333 0 -1
3.70854 1.97432 5.79538 0 -1
0 0 5.79742 0 -1
3.70854 1.97432 5.79947 0 -1
0 0 5.80152 0 -1
0 0 5.80356 0 -1
3.70854 1.97432 5.80561 0 -1
0 0 5.80765 0 -1
3.70854 1.97432 5.8097 0 -1
0 0 5.81174 0 -1
3.70854 1.97432 5.81379 0 -1
0 0 5.81583 0 -1
3.70854 1.97432 5.81788 0 -1
0 0 5.81992 0 -1
0 0 5.82197 0 -1
3.70854 1.97432 5.82401 0 -1
0 0 5.82606 0 -1
3.70854 1.97432 5.8281 0 -1
0 0 5.83015 0 -1
3.70854 1.97432 5.83219 0 -1
0 0 5.83424 0 -1
0 0 5.83629 0 -1
3.70854 1.97432 5.83833 0 -1
0 0 5.84038 0 -1
3.70854 1.97432 5.84242 0 -1
0 0 5.84447 0 -1
3.70854 1.97432 5.84651 0 -1
0 0 5.84856 0 -1
0 0 5.8506 0 -1
3.70854 1.97432 5.85265 0 -1
0 0 5.85469 0 -1
3.70854 1.97432 5.85674 0 -1
0 0 5.85878 0 -1
3.70854 1.97432 5.86083 0 -1
0 0 5.86287 0 -1
3.70854 1.97432 5.86492 0 -1
0 0 5.86697 0 -1
0 0 5.86901 0 -1
3.70854 1.97432 5.87106 0 -1
0 0 5.8731 0 -1
3.70854 1.97432 5.87515 0 -1
0 0 5.87719 0 -1
3.70854 1.97432 5.87924 0 -1
0 0 5.88128 0 -1
0 0 5.88333 0 -1
3.70854 1.97432 5.88537 0 -1
0 0 5.88742 0 -1
3.70854 1.97432 5.88946 0 -1
0 0 5.89151 0 -1
3.70854 1.97432 5.89355 0 -1
0 0 5.8956 0 -1
0 0 5.89764 0 -1
3.70854 1.97432 5.89969 0 -1
0 0 5.90174 0 -1
3.70854 1.97432 5.90378 0 -1
0 0 5.90583 0 -1
3.70854 1.97432 5.90787 0 -1
0 0 5.90992 0 -1
3.70854 1.97432 5.91196 0 -1
0 0 5.91401 0 -1
0 0 5.91605 0 -1
3.70854 1.97432 5.9181 0 -1
0 0 5.92014 0 -1
3.70854 1.97432 5.92219 0 -1
0 0 5.92423 0 -1
3.70854 1.97432 5.92628 0 -1
0 0 5.92832 0 -1
0 0 5.93037 0 -1
3.70854 1.97432 5.93242 0 -1
0 0 5.93446 0 -1
3.70854 1.97432 5.93651 0 -1
0 0 5.93855 0 -1
3.70854 1.97432 5.9406 0 -1
0 0 5.94264 0 -1
3.70854 1.97432 5.94469 0 -1
0 0 5.94673 0 -1
0 0 5.94878 0 -1
3.70854 1.97432 5.95082 0 -1
0 0 5.95287 0 -1
3.70854 1.97432 5.95491 0 -1
0 0 5.95696 0 -1
3.70854 1.97432 5.959 0 -1
0 0 5.96105 0 -1
0 0 5.96309 0 -1
3.70854 1.97432 5.96514 0 -1
0 0 5.96719 0 -1
3.70854 1.97432 5.96923 0 -1
0 0 5.97128 0 -1
3.70854 1.97432 5.97332 0 -1
0 0 5.97537 0 -1
0 0 5.97741 0 -1
3.70854 1.97432 5.97946 0 -1
0 0 5.9815 0 -1
3.70854 1.97432 5.98355 0 -1
0 0 5.98559 0 -1
3.70854 1.97432 5.98764 0 -1
0 0 5.98968 0 -1
3.70854 1.97432 5.99173 0 -1
0 0 5.99377 0 -1
0 0 5.99582 0 -1
3.70854 1.97432 5.99786 0 -1
0 0 5.99991 0 -1
3.70854 1.97432 6.00196 0 -1
0 0 6.004 0 -1
3.70854 1.97432 6.00605 0 -1
0 0 6.00809 0 -1
0 0 6.01014 0 -1
3.70854 1.97432 6.01218 0 -1
0 0 6.01423 0 -1
3.70854 1.97432 6.01627 0 -1
0 0 6.01832 0 -1
3.70854 1.97432 6.02036 0 -1
0 0 6.02241 0 -1
0 0 6.02445 0 -1
3.70854 1.97432 6.0265 0 -1
0 0 6.02854 0 -1
3.70854 1.97432 6.03059 0 -1
0 0 6.03264 0 -1
3.70854 1.97432 6.03468 0 -1
0 0 6.03673 0 -1
3.70854 1.97432 6.03877 0 -1
0 0 6.04082 0 -1
0 0 6.04286 0 -1
3.70854 1.97432 6.04491 0 -1
0 0 6.04695 0 -1
3.70854 1.97432 6.049 0 -1
0 0 6.05104 0 -1
3.70854 1.97432 6.05309 0 -1
0 0 6.05513 0 -1
0 0 6.05718 0 -1
3.70854 1.97432 6.05922 0 -1
0 0 6.06127 0 -1
3.70854 1.97432 6.06331 0 -1
0 0 6.06536 0 -1
3.70854 1.97432 6.06741 0 -1
0 0 6.06945 0 -1
3.70854 1.97432 6.0715 0 -1
0 0 6.07354 0 -1
0 0 6.07559 0 -1
3.70854 1.97432 6.07763 0 -1
0 0 6.07968 0 -1
3.70854 1.97432 6.08172 0 -1
0 0 6.08377 0 -1
3.70854 1.97432 6.08581 0 -1
0 0 6.08786 0 -1
0 0 6.0899 0 -1
3.70854 1.97432 6.09195 0 -1
0 0 6.09399 0 -1
3.70854 1.97432 6.09604 0 -1
0 0 6.09808 0 -1
3.70854 1.97432 6.10013 0 -1
0 0 6.10218 0 -1
0 0 6.10422 0 -1
3.70854 1.97432 6.10627 0 -1
0 0 6.10831 0 -1
3.70854 1.97432 6.11036 0 -1
0 0 6.1124 0 -1
3.70854 1.97432 6.11445 0 -1
0 0 6.11649 0 -1
3.70854 1.97432 6.11854 0 -1
0 0 6.12058 0 -1
0 0 6.12263 0 -1
3.70854 1.97432 6.12467 0 -1
0 0 6.12672 0 -1
3.70854 1.97432 6.12876 0 -1
0 0 6.13081 0 -1
3.70854 1.97432 6.13286 0 -1
0 0 6.1349 0 -1
0 0 6.13695 0 -1
3.70854 1.97432 6.13899 0 -1
0 0 6.14104 0 -1
3.70854 1.97432 6.14308 0 -1
0 0 6.14513 0 -1
3.70854 1.97432 6.14717 0 -1
0 0 6.14922 0 -1
3.70854 1.97432 6.15126 0 -1
0 0 6.15331 0 -1
0 0 6.15535 0 -1
3.70854 1.97432 6.1574 0 -1
0 0 6.15944 0 -1
3.70854 1.97432 6.16149 0 -1
0 0 6.16353 0 -1
3.70854 1.97432 6.16558 0 -1
0 0 6.16763 0 -1
0 0 6.16967 0 -1
3.70854 1.97432 6.17172 0 -1
0 0 6.17376 0 -1
3.70854 1.97432 6.17581 0 -1
0 0 6.17785 0 -1
3.70854 1.97432 6.1799 0 -1
0 0 6.18194 0 -1
0 0 6.18399 0 -1
3.70854 1.97432 6.18603 0 -1
0 0 6.18808 0 -1
3.70854 1.97432 6.19012 0 -1
0 0 6.19217 0 -1
3.70854 1.97432 6.19421 0 -1
0 0 6.19626 0 -1
3.70854 1.97432 6.19831 0 -1
0 0 6.20035 0 -1
0 0 6.2024 0 -1
3.70854 1.97432 6.20444 0 -1
0 0 6.20649 0 -1
3.70854 1.97432 6.20853 0 -1
0 0 6.21058 0 -1
3.70854 1.97432 6.21262 0 -1
0 0 6.21467 0 -1
0 0 6.21671 0 -1
3.70854 1.97432 6.21876 0 -1
0 0 6.2208 0 -1
3.70854 1.97432 6.22285 0 -1
0 0 6.22489 0 -1
3.70854 1.97432 6.22694 0 -1
0 0 6.22898 0 -1
0 0 6.23103 0 -1
3.70854 1.97432 6.23308 0 -1
0 0 6.23512 0 -1
3.70854 1.97432 6.23717 0 -1
0 0 6.23921 0 -1
3.70854 1.97432 6.24126 0 -1
0 0 6.2433 0 -1
3.70854 1.97432 6.24535 0 -1
0 0 6.24739 0 -1
0 0 6.24944 0 -1
3.70854 1.97432 6.25148 0 -1
0 0 6.25353 0 -1
3.70854 1.97432 6.25557 0 -1
0 0 6.25762 0 -1
3.70854 1.97432 6.25966 0 -1
0 0 6.26171 0 -1
0 0 6.26375 0 -1
3.70854 1.97432 6.2658 0 -1
0 0 6.26785 0 -1
3.70854 1.97432 6.26989 0 -1
0 0 6.27194 0 -1
3.70854 1.97432 6.27398 0 -1
0 0 6.27603 0 -1
3.70854 1.97432 6.27807 0 -1
3.70854 1.97432 6.28012 0 -1
3.70854 1.97432 6.28216 0 -1
