-2.38419e-07 7.94751 0.00102265 7.94751 10
0.0283947 6.04512 0.00306796 6.04518 10
0.0283947 6.04512 0.00511327 6.04518 10
0.0690987 4.9033 0.00715858 4.90379 10
0.0921292 4.90292 0.00920388 4.90379 10
0.0460665 4.90357 0.0112492 4.90379 10
0.11555 4.09895 0.0132945 4.10058 10
0.0577807 4.10017 0.0153398 4.10058 10
0.133405 3.54851 0.0173851 3.55102 10
0.0667143 3.55039 0.0194304 3.55102 10
0.144901 3.0826 0.0214757 3.086 10
0.0724699 3.08515 0.023521 3.086 10
0.1548 2.74345 0.0255663 2.74781 10
0.167684 2.74269 0.0276117 2.74781 10
0.0774305 2.74672 0.029657 2.74781 10
0.175586 2.48798 0.0317023 2.49417 10
0.0819931 2.49282 0.0337476 2.49417 10
0.182091 2.27552 0.0357929 2.2828 10
0.0857606 2.28119 0.0378382 2.2828 10
0.18462 2.06318 0.0398835 2.07143 10
0.194309 2.06229 0.0419288 2.07143 10
0.0875416 2.06958 0.0439741 2.07143 10
0.200592 1.93423 0.0460194 1.94461 10
0.0913072 1.94246 0.0480647 1.94461 10
0.204487 1.80624 0.05011 1.81778 10
0.0938802 1.81536 0.0521553 1.81778 10
0.205997 1.67837 0.0542007 1.69096 10
0.213877 1.67738 0.056246 1.69096 10
0.0952613 1.68828 0.0582913 1.69096 10
0.212404 1.54965 0.0603366 1.56414 10
0.0954511 1.56122 0.0623819 1.56414 10
0.214684 1.46393 0.0644272 1.47959 10
0.0972276 1.47639 0.0664725 1.47959 10
0.215374 1.37832 0.0685178 1.39504 10
0.0982091 1.39158 0.0705631 1.39504 10
0.221394 1.33453 0.0726084 1.35277 10
0.22766 1.33348 0.0746537 1.35277 10
0.10157 1.34895 0.076699 1.35277 10
0.225166 1.24807 0.0787443 1.26822 10
0.101161 1.26418 0.0807897 1.26822 10
0.228985 1.20437 0.082835 1.22595 10
0.103528 1.22157 0.0848803 1.22595 10
0.223717 1.11926 0.0869256 1.1414 10
0.228972 1.1182 0.0889709 1.1414 10
0.101729 1.13686 0.0910162 1.1414 10
0.230597 1.07466 0.0930615 1.09913 10
0.103103 1.09428 0.0951068 1.09913 10
0.231425 1.0312 0.0971521 1.05685 10
0.104079 1.05171 0.0991974 1.05685 10
0.231458 0.987823 0.101243 1.01458 10
0.236096 0.986725 0.103288 1.01458 10
0.104657 1.00917 0.105333 1.01458 10
0.235132 0.943444 0.107379 0.972303 10
0.104837 0.966635 0.109424 0.972303 10
0.243984 0.941193 0.111469 0.972303 10
0.109377 0.966132 0.113515 0.972303 10
0.241823 0.89804 0.11556 0.930029 10
0.108961 0.923625 0.117605 0.930029 10
0.238874 0.855013 0.11965 0.887755 10
0.242887 0.853882 0.121696 0.887755 10
0.108148 0.881143 0.123741 0.887755 10
0.23895 0.811013 0.125786 0.845481 10
0.106939 0.838691 0.127832 0.845481 10
0.246558 0.808732 0.129877 0.845481 10
0.110877 0.83818 0.131922 0.845481 10
0.241438 0.766061 0.133968 0.803207 10
0.245034 0.764919 0.136013 0.803207 10
0.109072 0.795767 0.138058 0.803207 10
0.252208 0.762582 0.140104 0.803207 10
0.112809 0.795246 0.142149 0.803207 10
0.245711 0.72017 0.144194 0.760933 10
0.110409 0.75288 0.14624 0.760933 10
0.252465 0.717831 0.148285 0.760933 10
0.113944 0.752354 0.15033 0.760933 10
0.244797 0.675681 0.152375 0.718659 10
0.247968 0.674524 0.154421 0.718659 10
0.11095 0.710043 0.156466 0.718659 10
0.254294 0.672164 0.158511 0.718659 10
0.114284 0.709514 0.160557 0.718659 10
0.245268 0.630349 0.162602 0.676385 10
0.110697 0.667265 0.164647 0.676385 10
0.251179 0.628017 0.166693 0.676385 10
0.254126 0.626831 0.168738 0.676385 10
0.11383 0.666738 0.170783 0.676385 10
0.243753 0.585389 0.172828 0.634111 10
0.109651 0.624558 0.174874 0.634111 10
0.249241 0.583074 0.176919 0.634111 10
0.112583 0.624036 0.178964 0.634111 10
0.254708 0.580707 0.18101 0.634111 10
0.257433 0.579504 0.183055 0.634111 10
0.115513 0.623501 0.1851 0.634111 10
0.245341 0.538589 0.187146 0.591837 10
0.110544 0.581421 0.189191 0.591837 10
0.25039 0.536261 0.191236 0.591837 10
0.113274 0.580895 0.193282 0.591837 10
0.255416 0.533885 0.195327 0.591837 10
0.116001 0.580357 0.197372 0.591837 10
0.26042 0.531462 0.199418 0.591837 10
0.262914 0.530232 0.201463 0.591837 10
0.118726 0.579806 0.203508 0.591837 10
0.248749 0.490044 0.205553 0.549563 10
0.112773 0.537868 0.207599 0.549563 10
0.253341 0.487685 0.209644 0.549563 10
0.115299 0.537331 0.211689 0.549563 10
0.257912 0.485284 0.213735 0.549563 10
0.260188 0.484067 0.21578 0.549563 10
0.117821 0.536784 0.217825 0.549563 10
0.244361 0.444555 0.219871 0.507289 10
0.111084 0.494977 0.221916 0.507289 10
0.248526 0.44224 0.223961 0.507289 10
0.113408 0.49445 0.226007 0.507289 10
0.25267 0.439886 0.228052 0.507289 10
0.115729 0.493911 0.230097 0.507289 10
0.256791 0.437493 0.232142 0.507289 10
0.258843 0.436282 0.234188 0.507289 10
0.118048 0.493362 0.236233 0.507289 10
0.26293 0.433831 0.238278 0.507289 10
0.120364 0.492803 0.240324 0.507289 10
0.244745 0.395397 0.242369 0.465015 10
0.112454 0.451212 0.244414 0.465015 10
0.248448 0.39308 0.24646 0.465015 10
0.250292 0.391909 0.248505 0.465015 10
0.114572 0.450679 0.25055 0.465015 10
0.253962 0.38954 0.252596 0.465015 10
0.116688 0.450136 0.254641 0.465015 10
0.257611 0.387137 0.256686 0.465015 10
0.118801 0.449583 0.258731 0.465015 10
0.261236 0.3847 0.260777 0.465015 10
0.26304 0.383469 0.262822 0.465015 10
0.120911 0.44902 0.264867 0.465015 10
0.266631 0.380981 0.266913 0.465015 10
0.123019 0.448447 0.268958 0.465015 10
0.245635 0.344054 0.271003 0.422741 10
0.11375 0.40715 0.273049 0.422741 10
0.248856 0.341731 0.275094 0.422741 10
0.11566 0.406611 0.277139 0.422741 10
0.252055 0.339378 0.279184 0.422741 10
0.253646 0.338191 0.28123 0.422741 10
0.117569 0.406063 0.283275 0.422741 10
0.256812 0.335793 0.28532 0.422741 10
0.119475 0.405506 0.287366 0.422741 10
0.259955 0.333365 0.289411 0.422741 10
0.121378 0.40494 0.291456 0.422741 10
0.263076 0.330909 0.293502 0.422741 10
0.264627 0.329669 0.295547 0.422741 10
0.123279 0.404366 0.297592 0.422741 10
0.267712 0.327169 0.299638 0.422741 10
0.125177 0.403782 0.301683 0.422741 10
0.243696 0.292176 0.303728 0.380466 10
0.114365 0.362871 0.305773 0.380466 10
0.246431 0.289874 0.307819 0.380466 10
0.247789 0.288713 0.309864 0.380466 10
0.116069 0.36233 0.311909 0.380466 10
0.250491 0.286373 0.313955 0.380466 10
0.117769 0.361781 0.316 0.380466 10
0.25317 0.284007 0.318045 0.380466 10
0.119467 0.361223 0.320091 0.380466 10
0.255827 0.281616 0.322136 0.380466 10
0.121162 0.360658 0.324181 0.380466 10
0.258461 0.2792 0.326227 0.380466 10
0.259769 0.277983 0.328272 0.380466 10
0.122855 0.360085 0.330317 0.380466 10
0.262369 0.27553 0.332363 0.380466 10
0.124545 0.359504 0.334408 0.380466 10
0.264946 0.273054 0.336453 0.380466 10
0.126232 0.358915 0.338498 0.380466 10
0.237777 0.240491 0.340544 0.338192 10
0.238904 0.239371 0.342589 0.338192 10
0.113704 0.318505 0.344634 0.338192 10
0.241142 0.237117 0.34668 0.338192 10
0.115199 0.317968 0.348725 0.338192 10
0.243359 0.234841 0.35077 0.338192 10
0.116691 0.317423 0.352816 0.338192 10
0.245555 0.232545 0.354861 0.338192 10
0.118181 0.316871 0.356906 0.338192 10
0.247729 0.230227 0.358952 0.338192 10
0.248807 0.229062 0.360997 0.338192 10
0.119668 0.316313 0.363042 0.338192 10
0.250948 0.226714 0.365087 0.338192 10
0.121152 0.315747 0.367133 0.338192 10
0.253067 0.224346 0.369178 0.338192 10
0.122634 0.315175 0.371223 0.338192 10
0.255163 0.221959 0.373269 0.338192 10
0.256203 0.220758 0.375314 0.338192 10
0.124113 0.314595 0.377359 0.338192 10
0.258265 0.218341 0.379405 0.338192 10
0.125589 0.314008 0.38145 0.338192 10
0.260305 0.215906 0.383495 0.338192 10
0.127063 0.313416 0.385541 0.338192 10
0.262322 0.21345 0.387586 0.338192 10
0.263321 0.212216 0.389631 0.338192 10
0.128534 0.312815 0.391676 0.338192 10
0.265303 0.209733 0.393722 0.338192 10
0.130002 0.312208 0.395767 0.338192 10
0.233854 0.181328 0.397812 0.295918 10
0.115033 0.272645 0.399858 0.295918 10
0.235547 0.179123 0.401903 0.295918 10
0.116313 0.272101 0.403948 0.295918 10
0.23722 0.176902 0.405994 0.295918 10
0.238048 0.175786 0.408039 0.295918 10
0.117589 0.271552 0.410084 0.295918 10
0.239689 0.173542 0.412129 0.295918 10
0.118864 0.270997 0.414175 0.295918 10
0.241309 0.171283 0.41622 0.295918 10
0.120135 0.270435 0.418265 0.295918 10
0.242907 0.169009 0.420311 0.295918 10
0.243698 0.167865 0.422356 0.295918 10
0.121404 0.269868 0.424401 0.295918 10
0.245265 0.165569 0.426447 0.295918 10
0.12267 0.269295 0.428492 0.295918 10
0.246809 0.163257 0.430537 0.295918 10
0.123934 0.268715 0.432583 0.295918 10
0.248332 0.160932 0.434628 0.295918 10
0.249085 0.159763 0.436673 0.295918 10
0.125195 0.26813 0.438718 0.295918 10
0.250575 0.157417 0.440764 0.295918 10
0.126453 0.26754 0.442809 0.295918 10
0.252042 0.155056 0.444854 0.295918 10
0.127708 0.266943 0.4469 0.295918 10
0.253488 0.152681 0.448945 0.295918 10
0.128961 0.26634 0.45099 0.295918 10
0.254911 0.150293 0.453036 0.295918 10
0.255614 0.149094 0.455081 0.295918 10
0.13021 0.265731 0.457126 0.295918 10
0.257004 0.146686 0.459172 0.295918 10
0.131457 0.265116 0.461217 0.295918 10
0.25837 0.144266 0.463262 0.295918 10
0.132701 0.264496 0.465308 0.295918 10
0.259714 0.141832 0.467353 0.295918 10
0.260377 0.14061 0.469398 0.295918 10
0.133942 0.26387 0.471443 0.295918 10
0.224303 0.118422 0.473489 0.253644 10
0.115868 0.225632 0.475534 0.253644 10
0.225405 0.116309 0.477579 0.253644 10
0.116927 0.225085 0.479625 0.253644 10
0.226488 0.114186 0.48167 0.253644 10
0.117983 0.224534 0.483715 0.253644 10
0.227551 0.112053 0.485761 0.253644 10
0.228075 0.110983 0.487806 0.253644 10
0.119036 0.223977 0.489851 0.253644 10
0.229107 0.108836 0.491897 0.253644 10
0.120087 0.223416 0.493942 0.253644 10
0.230119 0.106679 0.495987 0.253644 10
0.121135 0.222849 0.498032 0.253644 10
0.231112 0.104513 0.500078 0.253644 10
0.2316 0.103426 0.502123 0.253644 10
0.12218 0.222278 0.504168 0.253644 10
0.232561 0.101246 0.506214 0.253644 10
0.123223 0.221701 0.508259 0.253644 10
0.233502 0.0990562 0.510304 0.253644 10
0.124263 0.22112 0.51235 0.253644 10
0.234422 0.0968585 0.514395 0.253644 10
0.234875 0.0957565 0.51644 0.253644 10
0.1253 0.220533 0.518485 0.253644 10
0.235764 0.0935454 0.520531 0.253644 10
0.126335 0.219943 0.522576 0.253644 10
0.236632 0.0913267 0.524621 0.253644 10
0.127367 0.219347 0.526667 0.253644 10
0.23748 0.0890994 0.528712 0.253644 10
0.128395 0.218747 0.530757 0.253644 10
0.238306 0.0868649 0.532803 0.253644 10
0.238712 0.0857444 0.534848 0.253644 10
0.129421 0.218141 0.536893 0.253644 10
0.239506 0.0834985 0.538939 0.253644 10
0.130445 0.217531 0.540984 0.253644 10
0.24028 0.0812445 0.543029 0.253644 10
0.131465 0.216916 0.545075 0.253644 10
0.241033 0.0789838 0.54712 0.253644 10
0.241401 0.0778508 0.549165 0.253644 10
0.132482 0.216296 0.55121 0.253644 10
0.242122 0.0755796 0.553256 0.253644 10
0.133497 0.215671 0.555301 0.253644 10
0.242821 0.0733013 0.557346 0.253644 10
0.134508 0.215042 0.559392 0.253644 10
0.243499 0.0710173 0.561437 0.253644 10
0.135517 0.214407 0.563482 0.253644 10
0.244156 0.0687265 0.565528 0.253644 10
0.244476 0.0675788 0.567573 0.253644 10
0.136523 0.213768 0.569618 0.253644 10
0.2451 0.0652795 0.571663 0.253644 10
0.137525 0.213125 0.573709 0.253644 10
0.245703 0.0629745 0.575754 0.253644 10
0.138525 0.212476 0.577799 0.253644 10
0.205236 0.0505524 0.579845 0.21137 10
0.205471 0.0495882 0.58189 0.21137 10
0.116268 0.17652 0.583935 0.21137 10
0.205928 0.0476556 0.585981 0.21137 10
0.117095 0.175972 0.588026 0.21137 10
0.206367 0.0457191 0.590071 0.21137 10
0.117921 0.17542 0.592117 0.21137 10
0.206787 0.0437784 0.594162 0.21137 10
0.20699 0.0428066 0.596207 0.21137 10
0.118743 0.174864 0.598253 0.21137 10
0.207383 0.0408602 0.600298 0.21137 10
0.119564 0.174304 0.602343 0.21137 10
0.207758 0.0389104 0.604388 0.21137 10
0.120381 0.17374 0.606434 0.21137 10
0.208114 0.0369568 0.608479 0.21137 10
0.121196 0.173173 0.610524 0.21137 10
0.208452 0.0350003 0.61257 0.21137 10
0.208614 0.0340209 0.614615 0.21137 10
0.122008 0.172602 0.61666 0.21137 10
0.208925 0.0320592 0.618706 0.21137 10
0.122817 0.172027 0.620751 0.21137 10
0.209217 0.0300956 0.622796 0.21137 10
0.123624 0.171448 0.624842 0.21137 10
0.20949 0.0281286 0.626887 0.21137 10
0.20962 0.0271444 0.628932 0.21137 10
0.124428 0.170866 0.630977 0.21137 10
0.209866 0.0251737 0.633023 0.21137 10
0.125229 0.17028 0.635068 0.21137 10
0.210093 0.0232015 0.637113 0.21137 10
0.126028 0.169689 0.639159 0.21137 10
0.210302 0.0212264 0.641204 0.21137 10
0.210399 0.0202384 0.643249 0.21137 10
0.126823 0.169095 0.645295 0.21137 10
0.21058 0.0182614 0.64734 0.21137 10
0.127616 0.168498 0.649385 0.21137 10
0.210742 0.0162821 0.65143 0.21137 10
0.128406 0.167897 0.653476 0.21137 10
0.210886 0.0143018 0.655521 0.21137 10
0.129193 0.167292 0.657566 0.21137 10
0.211011 0.01232 0.659612 0.21137 10
0.211066 0.0113292 0.661657 0.21137 10
0.129978 0.166683 0.663702 0.21137 10
0.211164 0.00934553 0.665748 0.21137 10
0.130759 0.16607 0.667793 0.21137 10
0.211242 0.00736094 0.669838 0.21137 10
0.131538 0.165454 0.671884 0.21137 10
0.211302 0.00537634 0.673929 0.21137 10
0.211325 0.00438404 0.675974 0.21137 10
0.132313 0.164834 0.67802 0.21137 10
0.211356 0.00239897 0.680065 0.21137 10
0.133086 0.164212 0.68211 0.21137 10
0.21137 0.000412941 0.684155 0.21137 10
0.133856 0.163585 0.686201 0.21137 10
0.211364 -0.00157261 0.688246 0.21137 10
0.134623 0.162954 0.690291 0.21137 10
0.21134 -0.00355864 0.692337 0.21137 10
0.211321 -0.00455141 0.694382 0.21137 10
0.135387 0.16232 0.696427 0.21137 10
0.211269 -0.00653553 0.698473 0.21137 10
0.136148 0.161682 0.700518 0.21137 10
0.211198 -0.00852013 0.702563 0.21137 10
0.136906 0.161041 0.704609 0.21137 10
0.211109 -0.0105038 0.706654 0.21137 10
0.211057 -0.0114951 0.708699 0.21137 10
0.137661 0.160396 0.710744 0.21137 10
0.21094 -0.0134778 0.71279 0.21137 10
0.138413 0.159748 0.714835 0.21137 10
0.210804 -0.0154586 0.71688 0.21137 10
0.139161 0.159096 0.718926 0.21137 10
0.210649 -0.0174384 0.720971 0.21137 10
0.210565 -0.0184278 0.723016 0.21137 10
0.139907 0.15844 0.725062 0.21137 10
0.210383 -0.0204043 0.727107 0.21137 10
0.14065 0.157781 0.729152 0.21137 10
0.210182 -0.0223808 0.731198 0.21137 10
0.141389 0.157119 0.733243 0.21137 10
0.209962 -0.0243535 0.735288 0.21137 10
0.142126 0.156453 0.737333 0.21137 10
0.209724 -0.0263252 0.739379 0.21137 10
0.209598 -0.0273094 0.741424 0.21137 10
0.142859 0.155784 0.743469 0.21137 10
0.209332 -0.0292778 0.745515 0.21137 10
0.143589 0.155111 0.74756 0.21137 10
0.209048 -0.0312428 0.749605 0.21137 10
0.144316 0.154435 0.751651 0.21137 10
0.208745 -0.0332055 0.753696 0.21137 10
0.208587 -0.0341854 0.755741 0.21137 10
0.14504 0.153755 0.757787 0.21137 10
0.208257 -0.0361433 0.759832 0.21137 10
0.145761 0.153072 0.761877 0.21137 10
0.166327 -0.0304785 0.763922 0.169096 10
0.117182 0.121909 0.765968 0.169096 10
0.166033 -0.0320401 0.768013 0.169096 10
0.165881 -0.0328193 0.770058 0.169096 10
0.117754 0.121356 0.772104 0.169096 10
0.165565 -0.0343761 0.774149 0.169096 10
0.118323 0.120803 0.776194 0.169096 10
0.165235 -0.0359302 0.77824 0.169096 10
0.118889 0.120246 0.780285 0.169096 10
0.16489 -0.0374804 0.78233 0.169096 10
0.119452 0.119686 0.784375 0.169096 10
0.16453 -0.0390277 0.786421 0.169096 10
0.164346 -0.0398006 0.788466 0.169096 10
0.120013 0.119123 0.790511 0.169096 10
0.163964 -0.0413423 0.792557 0.169096 10
0.120571 0.118558 0.794602 0.169096 10
0.163569 -0.042881 0.796647 0.169096 10
0.121127 0.117991 0.798693 0.169096 10
0.163159 -0.044416 0.800738 0.169096 10
0.162948 -0.0451813 0.802783 0.169096 10
0.12168 0.11742 0.804829 0.169096 10
0.162517 -0.04671 0.806874 0.169096 10
0.12223 0.116848 0.808919 0.169096 10
0.162071 -0.0482349 0.810965 0.169096 10
0.122777 0.116272 0.81301 0.169096 10
0.16161 -0.0497551 0.815055 0.169096 10
0.123322 0.115694 0.8171 0.169096 10
0.161136 -0.0512714 0.819146 0.169096 10
0.160893 -0.0520282 0.821191 0.169096 10
0.123864 0.115114 0.823236 0.169096 10
0.160397 -0.0535369 0.825282 0.169096 10
0.124403 0.114531 0.827327 0.169096 10
0.159887 -0.0550413 0.829372 0.169096 10
0.12494 0.113945 0.831418 0.169096 10
0.159363 -0.056541 0.833463 0.169096 10
0.159096 -0.0572886 0.835508 0.169096 10
0.125474 0.113357 0.837554 0.169096 10
0.158551 -0.0587807 0.839599 0.169096 10
0.126005 0.112766 0.841644 0.169096 10
0.157991 -0.0602674 0.843689 0.169096 10
0.126533 0.112173 0.845735 0.169096 10
0.157418 -0.0617495 0.84778 0.169096 10
0.157126 -0.0624881 0.849825 0.169096 10
0.127059 0.111578 0.851871 0.169096 10
0.156533 -0.063961 0.853916 0.169096 10
0.127581 0.11098 0.855961 0.169096 10
0.155925 -0.0654292 0.858007 0.169096 10
0.128101 0.110379 0.860052 0.169096 10
0.155303 -0.0668907 0.862097 0.169096 10
0.128618 0.109776 0.864143 0.169096 10
0.154668 -0.0683465 0.866188 0.169096 10
0.154345 -0.0690727 0.868233 0.169096 10
0.129133 0.10917 0.870278 0.169096 10
0.15369 -0.0705194 0.872324 0.169096 10
0.129644 0.108563 0.874369 0.169096 10
0.15302 -0.07196 0.876414 0.169096 10
0.130152 0.107953 0.87846 0.169096 10
0.152338 -0.0733948 0.880505 0.169096 10
0.151991 -0.0741091 0.88255 0.169096 10
0.130658 0.10734 0.884596 0.169096 10
0.151289 -0.0755339 0.886641 0.169096 10
0.131161 0.106726 0.888686 0.169096 10
0.150572 -0.0769515 0.890732 0.169096 10
0.131661 0.106108 0.892777 0.169096 10
0.149843 -0.0783625 0.894822 0.169096 10
0.132158 0.105489 0.896867 0.169096 10
0.1491 -0.0797668 0.898913 0.169096 10
0.148723 -0.0804658 0.900958 0.169096 10
0.132652 0.104867 0.903003 0.169096 10
0.147961 -0.0818601 0.905049 0.169096 10
0.133143 0.104243 0.907094 0.169096 10
0.147186 -0.0832467 0.909139 0.169096 10
0.133631 0.103616 0.911185 0.169096 10
0.146397 -0.0846248 0.91323 0.169096 10
0.145998 -0.0853119 0.915275 0.169096 10
0.134116 0.102987 0.91732 0.169096 10
0.14519 -0.0866799 0.919366 0.169096 10
0.134598 0.102356 0.921411 0.169096 10
0.144369 -0.0880394 0.923456 0.169096 10
0.135078 0.101722 0.925502 0.169096 10
0.143536 -0.0893922 0.927547 0.169096 10
0.143115 -0.0900655 0.929592 0.169096 10
0.135554 0.101087 0.931638 0.169096 10
0.142262 -0.0914059 0.933683 0.169096 10
0.136028 0.100449 0.935728 0.169096 10
0.141397 -0.0927382 0.937774 0.169096 10
0.136497 0.0998096 0.939819 0.169096 10
0.14052 -0.0940623 0.941864 0.169096 10
0.136965 0.0991669 0.94391 0.169096 10
0.13963 -0.0953784 0.945955 0.169096 10
0.13918 -0.0960336 0.948 0.169096 10
0.137429 0.0985222 0.950045 0.169096 10
0.138272 -0.0973363 0.952091 0.169096 10
0.137891 0.0978761 0.954136 0.169096 10
0.137352 -0.0986309 0.956181 0.169096 10
0.138349 0.0972271 0.958227 0.169096 10
0.136419 -0.0999169 0.960272 0.169096 10
0.135948 -0.100557 0.962317 0.169096 10
0.138804 0.0965762 0.964363 0.169096 10
0.134997 -0.10183 0.966408 0.169096 10
0.139256 0.0959229 0.968453 0.169096 10
0.134035 -0.103093 0.970499 0.169096 10
0.139705 0.0952678 0.972544 0.169096 10
0.13306 -0.104348 0.974589 0.169096 10
0.132569 -0.104971 0.976634 0.169096 10
0.140151 0.0946107 0.97868 0.169096 10
0.131577 -0.106212 0.980725 0.169096 10
0.140594 0.0939517 0.98277 0.169096 10
0.130574 -0.107444 0.984816 0.169096 10
0.141033 0.0932899 0.986861 0.169096 10
0.129558 -0.108665 0.988906 0.169096 10
0.14147 0.0926261 0.990952 0.169096 10
0.128532 -0.109878 0.992997 0.169096 10
0.128014 -0.11048 0.995042 0.169096 10
0.141904 0.0919609 0.997088 0.169096 10
0.126971 -0.111678 0.999133 0.169096 10
0.142334 0.0912938 1.00118 0.169096 10
0.125916 -0.112866 1.00322 0.169096 10
0.142761 0.0906239 1.00527 0.169096 10
0.12485 -0.114043 1.00731 0.169096 10
0.124313 -0.114629 1.00936 0.169096 10
0.143186 0.0899525 1.0114 0.169096 10
0.123231 -0.115792 1.01345 0.169096 10
0.143606 0.0892787 1.0155 0.169096 10
0.122138 -0.116944 1.01754 0.169096 10
0.144024 0.0886035 1.01959 0.169096 10
0.121033 -0.118087 1.02163 0.169096 10
0.144439 0.0879254 1.02368 0.169096 10
0.119919 -0.119218 1.02572 0.169096 10
0.119358 -0.11978 1.02777 0.169096 10
0.14485 0.0872464 1.02981 0.169096 10
0.118227 -0.120896 1.03186 0.169096 10
0.145258 0.086565 1.0339 0.169096 10
0.117086 -0.122002 1.03595 0.169096 10
0.145663 0.0858817 1.03799 0.169096 10
0.115935 -0.123096 1.04004 0.169096 10
0.115355 -0.123639 1.04208 0.169096 10
0.146065 0.0851965 1.04413 0.169096 10
0.114189 -0.124718 1.04617 0.169096 10
0.146464 0.0845094 1.04822 0.169096 10
0.113012 -0.125785 1.05027 0.169096 10
0.146859 0.0838203 1.05231 0.169096 10
0.111825 -0.126841 1.05436 0.169096 10
0.111228 -0.127365 1.0564 0.169096 10
0.147251 0.0831299 1.05845 0.169096 10
0.110027 -0.128404 1.06049 0.169096 10
0.14764 0.0824375 1.06254 0.169096 10
0.108816 -0.129432 1.06458 0.169096 10
0.148026 0.0817432 1.06663 0.169096 10
0.107595 -0.130448 1.06867 0.169096 10
0.148408 0.0810466 1.07072 0.169096 10
0.106365 -0.131453 1.07276 0.169096 10
0.105746 -0.131951 1.07481 0.169096 10
0.148787 0.0803485 1.07685 0.169096 10
0.104502 -0.132939 1.0789 0.169096 10
0.149163 0.0796485 1.08095 0.169096 10
0.103249 -0.133915 1.08299 0.169096 10
0.149535 0.0789475 1.08504 0.169096 10
0.101986 -0.134879 1.08708 0.169096 10
0.101351 -0.135357 1.08913 0.169096 10
0.149904 0.0782442 1.09117 0.169096 10
0.100075 -0.136302 1.09322 0.169096 10
0.15027 0.0775394 1.09526 0.169096 10
0.0987909 -0.137237 1.09731 0.169096 10
0.150633 0.0768323 1.09935 0.169096 10
0.097497 -0.138159 1.1014 0.169096 10
0.0968471 -0.138616 1.10344 0.169096 10
0.150992 0.0761242 1.10549 0.169096 10
0.0955405 -0.139519 1.10753 0.169096 10
0.151348 0.0754137 1.10958 0.169096 10
0.0942256 -0.14041 1.11162 0.169096 10
0.1517 0.0747023 1.11367 0.169096 10
0.0929024 -0.141289 1.11572 0.169096 10
0.15205 0.0739889 1.11776 0.169096 10
0.0915711 -0.142156 1.11981 0.169096 10
0.0909023 -0.142584 1.12185 0.169096 10
0.152396 0.0732741 1.1239 0.169096 10
0.0895588 -0.143432 1.12594 0.169096 10
0.152738 0.0725574 1.12799 0.169096 10
0.0882075 -0.144267 1.13003 0.169096 10
0.153077 0.0718389 1.13208 0.169096 10
0.0868485 -0.145089 1.13412 0.169096 10
0.0861661 -0.145495 1.13617 0.169096 10
0.153413 0.0711193 1.13821 0.169096 10
0.0847955 -0.146298 1.14026 0.169096 10
0.153745 0.0703983 1.1423 0.169096 10
0.0834174 -0.147089 1.14435 0.169096 10
0.154074 0.0696754 1.14639 0.169096 10
0.082032 -0.147866 1.14844 0.169096 10
0.1544 0.0689507 1.15049 0.169096 10
0.0806391 -0.14863 1.15253 0.169096 10
0.0799401 -0.149007 1.15458 0.169096 10
0.154722 0.0682244 1.15662 0.169096 10
0.0785367 -0.149751 1.15867 0.169096 10
0.155041 0.0674968 1.16071 0.169096 10
0.0771265 -0.150482 1.16276 0.169096 10
0.155356 0.0667682 1.1648 0.169096 10
0.0757093 -0.1512 1.16685 0.169096 10
0.0749984 -0.151555 1.16889 0.169096 10
0.155668 0.0660377 1.17094 0.169096 10
0.0735712 -0.152253 1.17298 0.169096 10
0.155977 0.0653057 1.17503 0.169096 10
0.0721378 -0.152937 1.17707 0.169096 10
0.156281 0.0645723 1.17912 0.169096 10
0.070698 -0.153607 1.18117 0.169096 10
0.0699756 -0.153938 1.18321 0.169096 10
0.156583 0.0638375 1.18526 0.169096 10
0.0685265 -0.154589 1.1873 0.169096 10
0.156881 0.0631013 1.18935 0.169096 10
0.0503032 -0.116419 1.19139 0.126822 10
0.117882 0.046773 1.19344 0.126822 10
0.0492074 -0.116887 1.19548 0.126822 10
0.1181 0.0462184 1.19753 0.126822 10
0.0481071 -0.117344 1.19957 0.126822 10
0.0475557 -0.117568 1.20162 0.126822 10
0.118316 0.0456634 1.20366 0.126822 10
0.0464489 -0.11801 1.20571 0.126822 10
0.118529 0.0451069 1.20775 0.126822 10
0.0453382 -0.118441 1.2098 0.126822 10
0.11874 0.0445495 1.21184 0.126822 10
0.0442238 -0.118862 1.21389 0.126822 10
0.0436649 -0.119069 1.21594 0.126822 10
0.118948 0.043992 1.21798 0.126822 10
0.0425444 -0.119473 1.22003 0.126822 10
0.119153 0.0434327 1.22207 0.126822 10
0.0414202 -0.119867 1.22412 0.126822 10
0.119356 0.0428724 1.22616 0.126822 10
0.0402925 -0.120251 1.22821 0.126822 10
0.119556 0.0423112 1.23025 0.126822 10
0.0391607 -0.120624 1.2323 0.126822 10
0.038594 -0.120807 1.23434 0.126822 10
0.119753 0.041749 1.23639 0.126822 10
0.0374575 -0.121164 1.23843 0.126822 10
0.119948 0.0411863 1.24048 0.126822 10
0.0363173 -0.121511 1.24252 0.126822 10
0.12014 0.0406218 1.24457 0.126822 10
0.0351744 -0.121847 1.24662 0.126822 10
0.0346014 -0.122011 1.24866 0.126822 10
0.12033 0.0400572 1.25071 0.126822 10
0.0334539 -0.12233 1.25275 0.126822 10
0.120517 0.0394921 1.2548 0.126822 10
0.0323033 -0.122639 1.25684 0.126822 10
0.120701 0.0389252 1.25889 0.126822 10
0.0311499 -0.122938 1.26093 0.126822 10
0.0305717 -0.123082 1.26298 0.126822 10
0.120882 0.0383582 1.26502 0.126822 10
0.0294144 -0.123364 1.26707 0.126822 10
0.121061 0.0377898 1.26911 0.126822 10
0.028254 -0.123635 1.27116 0.126822 10
0.121237 0.0372205 1.2732 0.126822 10
0.0270915 -0.123895 1.27525 0.126822 10
0.121411 0.0366507 1.27729 0.126822 10
0.0259266 -0.124144 1.27934 0.126822 10
0.0253432 -0.124264 1.28139 0.126822 10
0.121582 0.0360799 1.28343 0.126822 10
0.0241745 -0.124496 1.28548 0.126822 10
0.12175 0.0355086 1.28752 0.126822 10
0.0230041 -0.124718 1.28957 0.126822 10
0.121915 0.0349364 1.29161 0.126822 10
0.0218313 -0.124929 1.29366 0.126822 10
0.0212443 -0.12503 1.2957 0.126822 10
0.122078 0.0343633 1.29775 0.126822 10
0.0200686 -0.125224 1.29979 0.126822 10
0.122238 0.0337896 1.30184 0.126822 10
0.0188916 -0.125407 1.30388 0.126822 10
0.122395 0.033215 1.30593 0.126822 10
0.0177126 -0.125579 1.30797 0.126822 10
0.0171225 -0.125661 1.31002 0.126822 10
0.12255 0.0326395 1.31206 0.126822 10
0.0159411 -0.125816 1.31411 0.126822 10
0.122702 0.0320635 1.31616 0.126822 10
0.0147586 -0.12596 1.3182 0.126822 10
0.122851 0.031487 1.32025 0.126822 10
0.0135746 -0.126093 1.32229 0.126822 10
0.122998 0.0309095 1.32434 0.126822 10
0.0123897 -0.126215 1.32638 0.126822 10
0.0117965 -0.126272 1.32843 0.126822 10
0.123141 0.0303321 1.33047 0.126822 10
0.0106099 -0.126378 1.33252 0.126822 10
0.123283 0.0297527 1.33456 0.126822 10
0.00942206 -0.126472 1.33661 0.126822 10
0.123421 0.0291734 1.33865 0.126822 10
0.00823355 -0.126555 1.3407 0.126822 10
0.00763917 -0.126592 1.34274 0.126822 10
0.123557 0.0285935 1.34479 0.126822 10
0.0064497 -0.126658 1.34684 0.126822 10
0.12369 0.0280128 1.34888 0.126822 10
0.00525928 -0.126713 1.35093 0.126822 10
0.12382 0.0274315 1.35297 0.126822 10
0.00406885 -0.126757 1.35502 0.126822 10
0.123947 0.0268497 1.35706 0.126822 10
0.00287795 -0.12679 1.35911 0.126822 10
0.00228238 -0.126801 1.36115 0.126822 10
0.124072 0.0262671 1.3632 0.126822 10
0.001091 -0.126818 1.36524 0.126822 10
0.124194 0.0256839 1.36729 0.126822 10
-0.000100374 -0.126822 1.36933 0.126822 10
0.124314 0.0251002 1.37138 0.126822 10
-0.00129175 -0.126815 1.37342 0.126822 10
-0.00188708 -0.126808 1.37547 0.126822 10
0.12443 0.0245161 1.37751 0.126822 10
-0.0030787 -0.126785 1.37956 0.126822 10
0.124543 0.0239315 1.38161 0.126822 10
-0.00426936 -0.12675 1.38365 0.126822 10
0.124655 0.0233459 1.3857 0.126822 10
-0.00546002 -0.126705 1.38774 0.126822 10
-0.00605512 -0.126678 1.38979 0.126822 10
0.124763 0.0227604 1.39183 0.126822 10
-0.00724483 -0.126615 1.39388 0.126822 10
0.124868 0.0221744 1.39592 0.126822 10
-0.00843382 -0.126541 1.39797 0.126822 10
0.124971 0.0215874 1.40001 0.126822 10
-0.00962234 -0.126456 1.40206 0.126822 10
0.125071 0.0210004 1.4041 0.126822 10
-0.0108099 -0.126361 1.40615 0.126822 10
-0.0114033 -0.126308 1.40819 0.126822 10
0.125168 0.0204124 1.41024 0.126822 10
-0.0125892 -0.126195 1.41228 0.126822 10
0.125263 0.019824 1.41433 0.126822 10
-0.0137744 -0.126072 1.41638 0.126822 10
0.125355 0.0192356 1.41842 0.126822 10
-0.0149579 -0.125937 1.42047 0.126822 10
-0.0155492 -0.125865 1.42251 0.126822 10
0.125444 0.0186467 1.42456 0.126822 10
-0.016731 -0.125714 1.4266 0.126822 10
0.12553 0.0180573 1.42865 0.126822 10
-0.0179112 -0.125551 1.43069 0.126822 10
0.125613 0.0174675 1.43274 0.126822 10
-0.0190897 -0.125377 1.43478 0.126822 10
-0.0196788 -0.125286 1.43683 0.126822 10
0.125694 0.0168772 1.43887 0.126822 10
-0.0208549 -0.125096 1.44092 0.126822 10
0.125772 0.0162868 1.44296 0.126822 10
-0.0220289 -0.124894 1.44501 0.126822 10
0.125847 0.0156956 1.44706 0.126822 10
-0.0232012 -0.124682 1.4491 0.126822 10
0.125919 0.0151043 1.45115 0.126822 10
-0.0243716 -0.124459 1.45319 0.126822 10
-0.024956 -0.124343 1.45524 0.126822 10
0.125989 0.0145125 1.45728 0.126822 10
-0.0261228 -0.124103 1.45933 0.126822 10
0.126056 0.0139208 1.46137 0.126822 10
-0.0272877 -0.123852 1.46342 0.126822 10
0.12612 0.0133286 1.46546 0.126822 10
-0.0284498 -0.12359 1.46751 0.126822 10
-0.0290301 -0.123455 1.46955 0.126822 10
0.126181 0.0127363 1.4716 0.126822 10
-0.0301886 -0.123177 1.47364 0.126822 10
0.12624 0.0121431 1.47569 0.126822 10
-0.0313444 -0.122888 1.47773 0.126822 10
0.126295 0.0115499 1.47978 0.126822 10
-0.0324974 -0.122588 1.48183 0.126822 10
0.126348 0.0109563 1.48387 0.126822 10
-0.0336475 -0.122277 1.48592 0.126822 10
-0.0342214 -0.122118 1.48796 0.126822 10
0.126398 0.0103626 1.49001 0.126822 10
-0.035367 -0.121791 1.49205 0.126822 10
0.126445 0.00976944 1.4941 0.126822 10
-0.0365098 -0.121453 1.49614 0.126822 10
0.12649 0.0091753 1.49819 0.126822 10
-0.0376489 -0.121105 1.50023 0.126822 10
-0.0382173 -0.120926 1.50228 0.126822 10
0.126531 0.00858116 1.50432 0.126822 10
-0.0393517 -0.120563 1.50637 0.126822 10
0.12657 0.00798655 1.50841 0.126822 10
-0.0404825 -0.120188 1.51046 0.126822 10
0.126606 0.00739193 1.51251 0.126822 10
-0.04161 -0.119802 1.51455 0.126822 10
-0.0421724 -0.119605 1.5166 0.126822 10
0.12664 0.00679684 1.51864 0.126822 10
-0.043294 -0.119204 1.52069 0.126822 10
0.12667 0.00620222 1.52273 0.126822 10
-0.0444119 -0.118792 1.52478 0.126822 10
0.126698 0.0056076 1.52682 0.126822 10
-0.0455258 -0.118369 1.52887 0.126822 10
0.126723 0.00501204 1.53091 0.126822 10
-0.0466359 -0.117937 1.53296 0.126822 10
-0.0471892 -0.117716 1.535 0.126822 10
0.126745 0.00441647 1.53705 0.126822 10
-0.0482931 -0.117267 1.53909 0.126822 10
0.126765 0.00382137 1.54114 0.126822 10
-0.0493925 -0.116808 1.54318 0.126822 10
0.126781 0.0032258 1.54523 0.126822 10
-0.0504875 -0.11634 1.54728 0.126822 10
-0.0510337 -0.116101 1.54932 0.126822 10
0.126795 0.00263023 1.55137 0.126822 10
-0.0521219 -0.115616 1.55341 0.126822 10
0.126806 0.00203419 1.55546 0.126822 10
-0.0532057 -0.115122 1.5575 0.126822 10
0.126814 0.00143909 1.55955 0.126822 10
-0.0542848 -0.114617 1.56159 0.126822 10
0.126819 0.000843525 1.56364 0.126822 10
-0.0553594 -0.114102 1.56568 0.126822 10
-0.0558944 -0.113841 1.56773 0.126822 10
0.126822 0.000247955 1.56977 0.126822 10
-0.0569615 -0.11331 1.57182 0.126822 10
0.126822 -0.000347614 1.57386 0.126822 10
-0.0580235 -0.11277 1.57591 0.126822 10
0.126819 -0.000943661 1.57795 0.126822 10
-0.0590804 -0.112221 1.58 0.126822 10
-0.059607 -0.111942 1.58205 0.126822 10
0.126813 -0.00153923 1.58409 0.126822 10
-0.0606556 -0.111377 1.58614 0.126822 10
0.126804 -0.00213528 1.58818 0.126822 10
-0.0616994 -0.110802 1.59023 0.126822 10
0.126793 -0.00273037 1.59227 0.126822 10
-0.0627375 -0.110218 1.59432 0.126822 10
-0.0632546 -0.109921 1.59636 0.126822 10
0.126779 -0.00332594 1.59841 0.126822 10
-0.0642841 -0.109323 1.60045 0.126822 10
0.126761 -0.00392151 1.6025 0.126822 10
-0.0653083 -0.108714 1.60454 0.126822 10
0.126742 -0.00451708 1.60659 0.126822 10
-0.0663266 -0.108096 1.60863 0.126822 10
0.126719 -0.00511217 1.61068 0.126822 10
-0.0673394 -0.107468 1.61273 0.126822 10
-0.0678437 -0.10715 1.61477 0.126822 10
0.126693 -0.00570774 1.61682 0.126822 10
-0.0688469 -0.106508 1.61886 0.126822 10
0.126665 -0.00630236 1.62091 0.126822 10
-0.0698447 -0.105856 1.62295 0.126822 10
0.126635 -0.00689745 1.625 0.126822 10
-0.0708358 -0.105196 1.62704 0.126822 10
-0.0713291 -0.104862 1.62909 0.126822 10
0.126601 -0.00749207 1.63113 0.126822 10
-0.0723114 -0.104187 1.63318 0.126822 10
0.126564 -0.00808668 1.63522 0.126822 10
-0.0732865 -0.103503 1.63727 0.126822 10
0.126524 -0.0086813 1.63931 0.126822 10
-0.0742559 -0.10281 1.64136 0.126822 10
-0.074738 -0.10246 1.6434 0.126822 10
0.126482 -0.00927496 1.64545 0.126822 10
-0.0756969 -0.101754 1.6475 0.126822 10
0.126438 -0.00986958 1.64954 0.126822 10
-0.0766497 -0.101038 1.65159 0.126822 10
0.12639 -0.0104632 1.65363 0.126822 10
-0.0775952 -0.100314 1.65568 0.126822 10
0.126339 -0.0110564 1.65772 0.126822 10
-0.0785344 -0.0995808 1.65977 0.126822 10
-0.0790014 -0.0992103 1.66181 0.126822 10
0.126286 -0.0116496 1.66386 0.126822 10
-0.0799298 -0.098464 1.6659 0.126822 10
0.12623 -0.0122423 1.66795 0.126822 10
-0.0808513 -0.0977087 1.66999 0.126822 10
0.126171 -0.012836 1.67204 0.126822 10
-0.0817654 -0.0969448 1.67408 0.126822 10
-0.0822198 -0.0965595 1.67613 0.126822 10
0.126109 -0.0134282 1.67817 0.126822 10
-0.0831237 -0.0957828 1.68022 0.126822 10
0.126045 -0.0140204 1.68227 0.126822 10
-0.0840197 -0.0949984 1.68431 0.126822 10
0.125978 -0.0146122 1.68636 0.126822 10
-0.0849082 -0.0942044 1.6884 0.126822 10
0.125907 -0.015204 1.69045 0.126822 10
-0.0857894 -0.0934024 1.69249 0.126822 10
-0.0862272 -0.0929985 1.69454 0.126822 10
0.125835 -0.0157952 1.69658 0.126822 10
-0.0870972 -0.0921845 1.69863 0.126822 10
0.125759 -0.0163856 1.70067 0.126822 10
-0.0879591 -0.091362 1.70272 0.126822 10
0.125681 -0.0169764 1.70476 0.126822 10
-0.0888135 -0.0905323 1.70681 0.126822 10
-0.0892379 -0.0901136 1.70885 0.126822 10
0.1256 -0.0175667 1.7109 0.126822 10
-0.0900803 -0.0892715 1.71295 0.126822 10
0.125515 -0.0181565 1.71499 0.126822 10
-0.090915 -0.0884213 1.71704 0.126822 10
0.125429 -0.0187459 1.71908 0.126822 10
-0.0917418 -0.087563 1.72113 0.126822 10
-0.0921519 -0.0871315 1.72317 0.126822 10
0.12534 -0.0193353 1.72522 0.126822 10
-0.0929666 -0.0862622 1.72726 0.126822 10
0.125247 -0.0199232 1.72931 0.126822 10
-0.0937726 -0.0853848 1.73135 0.126822 10
0.125152 -0.0205112 1.7334 0.126822 10
-0.0945709 -0.0844998 1.73544 0.126822 10
0.125055 -0.0210986 1.73749 0.126822 10
-0.0953603 -0.0836077 1.73953 0.126822 10
-0.0957522 -0.083159 1.74158 0.126822 10
0.124954 -0.0216861 1.74362 0.126822 10
-0.096529 -0.0822563 1.74567 0.126822 10
0.124851 -0.0222726 1.74772 0.126822 10
-0.0972974 -0.0813451 1.74976 0.126822 10
0.124745 -0.0228591 1.75181 0.126822 10
-0.0980575 -0.0804276 1.75385 0.126822 10
-0.0984342 -0.0799661 1.7559 0.126822 10
0.124636 -0.0234451 1.75794 0.126822 10
-0.0991807 -0.0790377 1.75999 0.126822 10
0.124525 -0.0240297 1.76203 0.126822 10
-0.0999191 -0.0781031 1.76408 0.126822 10
0.12441 -0.0246143 1.76612 0.126822 10
-0.100648 -0.0771613 1.76817 0.126822 10
-0.10101 -0.0766873 1.77021 0.126822 10
0.124294 -0.0251985 1.77226 0.126822 10
-0.101726 -0.0757351 1.7743 0.126822 10
0.124174 -0.0257821 1.77635 0.126822 10
-0.102433 -0.0747757 1.7784 0.126822 10
0.124051 -0.0263648 1.78044 0.126822 10
-0.103131 -0.0738106 1.78249 0.126822 10
0.123926 -0.026948 1.78453 0.126822 10
-0.103819 -0.0728383 1.78658 0.126822 10
-0.10416 -0.0723495 1.78862 0.126822 10
0.123798 -0.0275297 1.79067 0.126822 10
-0.104836 -0.0713682 1.79271 0.126822 10
0.123667 -0.0281105 1.79476 0.126822 10
-0.105501 -0.0703797 1.7968 0.126822 10
0.123534 -0.0286908 1.79885 0.126822 10
-0.106158 -0.0693865 1.80089 0.126822 10
-0.106483 -0.0688868 1.80294 0.126822 10
0.123398 -0.0292706 1.80498 0.126822 10
-0.107125 -0.067883 1.80703 0.126822 10
0.123259 -0.0298505 1.80907 0.126822 10
-0.107758 -0.066874 1.81112 0.126822 10
0.123117 -0.0304294 1.81317 0.126822 10
-0.108381 -0.0658593 1.81521 0.126822 10
0.122973 -0.0310068 1.81726 0.126822 10
-0.108995 -0.0648375 1.8193 0.126822 10
-0.109299 -0.0643253 1.82135 0.126822 10
0.122826 -0.0315843 1.82339 0.126822 10
-0.109898 -0.0632954 1.82544 0.126822 10
0.122677 -0.0321608 1.82748 0.126822 10
-0.110488 -0.0622602 1.82953 0.126822 10
0.122524 -0.0327363 1.83157 0.126822 10
-0.111068 -0.0612197 1.83362 0.126822 10
-0.111354 -0.0606971 1.83566 0.126822 10
0.122369 -0.0333114 1.83771 0.126822 10
-0.111919 -0.0596485 1.83975 0.126822 10
0.122211 -0.0338864 1.8418 0.126822 10
-0.112475 -0.0585942 1.84384 0.126822 10
0.122051 -0.0344601 1.84589 0.126822 10
-0.11302 -0.0575352 1.84794 0.126822 10
-0.113289 -0.0570035 1.84998 0.126822 10
0.121887 -0.0350327 1.85203 0.126822 10
-0.11382 -0.0559368 1.85407 0.126822 10
0.121722 -0.035605 1.85612 0.126822 10
-0.11434 -0.0548649 1.85816 0.126822 10
0.121553 -0.0361762 1.86021 0.126822 10
-0.114851 -0.0537887 1.86225 0.126822 10
0.121382 -0.036747 1.8643 0.126822 10
-0.115351 -0.0527077 1.86634 0.126822 10
-0.115597 -0.052165 1.86839 0.126822 10
0.121208 -0.0373163 1.87043 0.126822 10
-0.116082 -0.0510769 1.87248 0.126822 10
0.121031 -0.0378852 1.87452 0.126822 10
-0.116557 -0.0499835 1.87657 0.126822 10
0.120852 -0.0384531 1.87862 0.126822 10
-0.117021 -0.0488868 1.88066 0.126822 10
-0.117249 -0.0483365 1.88271 0.126822 10
0.12067 -0.0390205 1.88475 0.126822 10
-0.117699 -0.0472331 1.8868 0.126822 10
0.120485 -0.039587 1.88884 0.126822 10
-0.118137 -0.0461249 1.89089 0.126822 10
0.120298 -0.0401525 1.89293 0.126822 10
-0.118565 -0.045013 1.89498 0.126822 10
-0.118775 -0.044456 1.89702 0.126822 10
0.120108 -0.0407176 1.89907 0.126822 10
-0.119188 -0.0433383 1.90111 0.126822 10
0.119915 -0.0412812 1.90316 0.126822 10
-0.11959 -0.0422168 1.9052 0.126822 10
0.11972 -0.0418434 1.90725 0.126822 10
-0.119981 -0.0410914 1.90929 0.126822 10
0.119522 -0.0424056 1.91134 0.126822 10
-0.120362 -0.0399628 1.91339 0.126822 10
-0.120548 -0.0393968 1.91543 0.126822 10
0.119322 -0.0429664 1.91748 0.126822 10
-0.120913 -0.0382624 1.91952 0.126822 10
0.119119 -0.0435266 1.92157 0.126822 10
-0.161689 -0.0495 1.92361 0.169096 10
0.158551 -0.0587807 1.92566 0.169096 10
-0.162147 -0.0479789 1.9277 0.169096 10
-0.162371 -0.0472164 1.92975 0.169096 10
0.158273 -0.0595245 1.93179 0.169096 10
-0.162807 -0.0456891 1.93384 0.169096 10
0.157991 -0.0602674 1.93588 0.169096 10
-0.163229 -0.044158 1.93793 0.169096 10
0.157707 -0.0610094 1.93997 0.169096 10
-0.163636 -0.0426226 1.94202 0.169096 10
0.157418 -0.0617495 1.94406 0.169096 10
-0.16403 -0.0410833 1.94611 0.169096 10
-0.164221 -0.0403128 1.94816 0.169096 10
0.157126 -0.0624881 1.9502 0.169096 10
-0.164592 -0.0387678 1.95225 0.169096 10
0.156831 -0.0632253 1.95429 0.169096 10
-0.164949 -0.0372195 1.95634 0.169096 10
0.156533 -0.063961 1.95838 0.169096 10
-0.165292 -0.0356688 1.96043 0.169096 10
-0.165457 -0.0348921 1.96247 0.169096 10
0.15623 -0.0646958 1.96452 0.169096 10
-0.165778 -0.0333357 1.96656 0.169096 10
0.155925 -0.0654292 1.96861 0.169096 10
-0.166084 -0.0317774 1.97065 0.169096 10
0.155616 -0.0661612 1.9727 0.169096 10
-0.166375 -0.0302157 1.97474 0.169096 10
-0.166515 -0.0294337 1.97679 0.169096 10
0.155303 -0.0668907 1.97884 0.169096 10
-0.166784 -0.0278683 1.98088 0.169096 10
0.154987 -0.0676193 1.98293 0.169096 10
-0.167038 -0.0263004 1.98497 0.169096 10
0.154668 -0.0683465 1.98702 0.169096 10
-0.167278 -0.0247297 1.98906 0.169096 10
0.154345 -0.0690727 1.99111 0.169096 10
-0.167503 -0.0231576 1.99315 0.169096 10
-0.16761 -0.0223708 1.9952 0.169096 10
0.154019 -0.0697966 1.99724 0.169096 10
-0.167813 -0.0207944 1.99929 0.169096 10
0.15369 -0.0705194 2.00133 0.169096 10
-0.168001 -0.019218 2.00338 0.169096 10
0.153357 -0.0712404 2.00542 0.169096 10
-0.168174 -0.0176382 2.00747 0.169096 10
-0.168255 -0.0168481 2.00951 0.169096 10
0.15302 -0.07196 2.01156 0.169096 10
-0.168406 -0.0152669 2.01361 0.169096 10
0.152681 -0.0726781 2.01565 0.169096 10
-0.168542 -0.0136843 2.0177 0.169096 10
0.152338 -0.0733948 2.01974 0.169096 10
-0.168663 -0.0121002 2.02179 0.169096 10
0.151991 -0.0741091 2.02383 0.169096 10
-0.168769 -0.0105157 2.02588 0.169096 10
-0.168817 -0.00972271 2.02792 0.169096 10
0.151641 -0.0748224 2.02997 0.169096 10
-0.1689 -0.00813627 2.03201 0.169096 10
0.151289 -0.0755339 2.03406 0.169096 10
-0.168969 -0.00654936 2.0361 0.169096 10
0.150932 -0.0762434 2.03815 0.169096 10
-0.169024 -0.00496149 2.04019 0.169096 10
-0.169045 -0.00416756 2.04224 0.169096 10
0.150572 -0.0769515 2.04429 0.169096 10
-0.169077 -0.00257969 2.04633 0.169096 10
0.150209 -0.0776577 2.04838 0.169096 10
-0.169093 -0.000990868 2.05042 0.169096 10
0.149843 -0.0783625 2.05247 0.169096 10
-0.169095 0.000597477 2.05451 0.169096 10
-0.169091 0.00139189 2.05656 0.169096 10
0.149473 -0.0790658 2.0586 0.169096 10
-0.16907 0.00297976 2.06065 0.169096 10
0.1491 -0.0797668 2.06269 0.169096 10
-0.169034 0.00456858 2.06474 0.169096 10
0.148723 -0.0804658 2.06678 0.169096 10
-0.168984 0.00615597 2.06883 0.169096 10
0.148344 -0.0811644 2.07087 0.169096 10
-0.168919 0.00774288 2.07292 0.169096 10
-0.168881 0.00853682 2.07496 0.169096 10
0.147961 -0.0818601 2.07701 0.169096 10
-0.168793 0.0101223 2.07906 0.169096 10
0.147575 -0.0825539 2.0811 0.169096 10
-0.16869 0.0117078 2.08315 0.169096 10
0.147186 -0.0832467 2.08519 0.169096 10
-0.168573 0.0132923 2.08724 0.169096 10
-0.168509 0.0140839 2.08928 0.169096 10
0.146793 -0.0839362 2.09133 0.169096 10
-0.168369 0.015666 2.09337 0.169096 10
0.146397 -0.0846248 2.09542 0.169096 10
-0.168215 0.0172472 2.09746 0.169096 10
0.145998 -0.0853119 2.09951 0.169096 10
-0.168045 0.0188265 2.10155 0.169096 10
-0.167955 0.0196157 2.1036 0.169096 10
0.145595 -0.0859966 2.10564 0.169096 10
-0.167763 0.0211926 2.10769 0.169096 10
0.14519 -0.0866799 2.10974 0.169096 10
-0.167557 0.022768 2.11178 0.169096 10
0.144781 -0.0873609 2.11383 0.169096 10
-0.167335 0.0243406 2.11587 0.169096 10
0.144369 -0.0880394 2.11792 0.169096 10
-0.167099 0.0259118 2.11996 0.169096 10
-0.166976 0.0266962 2.12201 0.169096 10
0.143954 -0.088717 2.12405 0.169096 10
-0.166718 0.0282636 2.1261 0.169096 10
0.143536 -0.0893922 2.12814 0.169096 10
-0.166445 0.0298285 2.13019 0.169096 10
0.143115 -0.0900655 2.13223 0.169096 10
-0.166157 0.0313911 2.13428 0.169096 10
-0.166008 0.0321708 2.13632 0.169096 10
0.14269 -0.0907364 2.13837 0.169096 10
-0.165698 0.0337286 2.14041 0.169096 10
0.142262 -0.0914059 2.14246 0.169096 10
-0.165374 0.035284 2.14451 0.169096 10
0.141831 -0.0920734 2.14655 0.169096 10
-0.165035 0.0368361 2.1486 0.169096 10
0.141397 -0.0927382 2.15064 0.169096 10
-0.164682 0.0383849 2.15269 0.169096 10
-0.1645 0.0391583 2.15473 0.169096 10
0.14096 -0.0934014 2.15678 0.169096 10
-0.164125 0.0407014 2.15882 0.169096 10
0.14052 -0.0940623 2.16087 0.169096 10
-0.163735 0.0422416 2.16291 0.169096 10
0.140076 -0.0947213 2.16496 0.169096 10
-0.163331 0.0437779 2.167 0.169096 10
-0.163124 0.0445442 2.16905 0.169096 10
0.13963 -0.0953784 2.17109 0.169096 10
-0.162698 0.0460749 2.17314 0.169096 10
0.13918 -0.0960336 2.17518 0.169096 10
-0.162258 0.0476017 2.17723 0.169096 10
0.138728 -0.0966854 2.17928 0.169096 10
-0.161804 0.0491233 2.18132 0.169096 10
-0.161571 0.0498829 2.18337 0.169096 10
0.138272 -0.0973363 2.18541 0.169096 10
-0.161096 0.0513988 2.18746 0.169096 10
0.137813 -0.0979848 2.1895 0.169096 10
-0.160605 0.0529094 2.19155 0.169096 10
0.137352 -0.0986309 2.19359 0.169096 10
-0.160101 0.0544162 2.19564 0.169096 10
0.136887 -0.0992751 2.19768 0.169096 10
-0.159583 0.0559182 2.19973 0.169096 10
-0.159319 0.0566669 2.20177 0.169096 10
0.136419 -0.0999169 2.20382 0.169096 10
-0.158779 0.0581608 2.20586 0.169096 10
0.135948 -0.100557 2.20791 0.169096 10
-0.158226 0.0596499 2.20995 0.169096 10
0.135474 -0.101194 2.212 0.169096 10
-0.157659 0.0611339 2.21405 0.169096 10
-0.15737 0.0618734 2.21609 0.169096 10
0.134997 -0.10183 2.21814 0.169096 10
-0.156781 0.0633492 2.22018 0.169096 10
0.134518 -0.102462 2.22223 0.169096 10
-0.156179 0.0648193 2.22427 0.169096 10
0.134035 -0.103093 2.22632 0.169096 10
-0.155564 0.0662832 2.22836 0.169096 10
-0.155251 0.0670137 2.23041 0.169096 10
0.133549 -0.103722 2.23245 0.169096 10
-0.154614 0.068469 2.2345 0.169096 10
0.13306 -0.104348 2.23654 0.169096 10
-0.153964 0.0699186 2.23859 0.169096 10
0.132569 -0.104971 2.24063 0.169096 10
-0.153301 0.0713615 2.24268 0.169096 10
0.132074 -0.105593 2.24473 0.169096 10
-0.152623 0.0727987 2.24677 0.169096 10
-0.15228 0.0735149 2.24882 0.169096 10
0.131577 -0.106212 2.25086 0.169096 10
-0.151583 0.0749416 2.25291 0.169096 10
0.131077 -0.106829 2.25495 0.169096 10
-0.150872 0.0763626 2.257 0.169096 10
0.130574 -0.107444 2.25904 0.169096 10
-0.150148 0.0777769 2.26109 0.169096 10
-0.149781 0.0784812 2.26313 0.169096 10
0.130067 -0.108056 2.26518 0.169096 10
-0.149037 0.0798845 2.26722 0.169096 10
0.129558 -0.108665 2.26927 0.169096 10
-0.14828 0.0812812 2.27131 0.169096 10
0.129046 -0.109273 2.27336 0.169096 10
-0.14751 0.0826707 2.2754 0.169096 10
0.128532 -0.109878 2.27745 0.169096 10
-0.146727 0.0840526 2.2795 0.169096 10
-0.14633 0.0847406 2.28154 0.169096 10
0.128014 -0.11048 2.28359 0.169096 10
-0.145528 0.0861115 2.28563 0.169096 10
0.127494 -0.11108 2.28768 0.169096 10
-0.144712 0.0874748 2.28972 0.169096 10
0.126971 -0.111678 2.29177 0.169096 10
-0.143884 0.0888305 2.29381 0.169096 10
-0.143466 0.0895052 2.29586 0.169096 10
0.126445 -0.112273 2.2979 0.169096 10
-0.142618 0.0908494 2.29995 0.169096 10
0.125916 -0.112866 2.30199 0.169096 10
-0.141759 0.092185 2.30404 0.169096 10
0.125384 -0.113456 2.30608 0.169096 10
-0.140886 0.0935125 2.30813 0.169096 10
-0.140445 0.0941734 2.31018 0.169096 10
0.12485 -0.114043 2.31222 0.169096 10
-0.139555 0.095489 2.31427 0.169096 10
0.124313 -0.114629 2.31631 0.169096 10
-0.138652 0.0967956 2.31836 0.169096 10
0.123773 -0.115211 2.3204 0.169096 10
-0.137736 0.0980935 2.32245 0.169096 10
0.123231 -0.115792 2.32449 0.169096 10
-0.136808 0.0993834 2.32654 0.169096 10
-0.13634 0.100025 2.32858 0.169096 10
0.122685 -0.116369 2.33063 0.169096 10
-0.135395 0.101301 2.33267 0.169096 10
0.122138 -0.116944 2.33472 0.169096 10
-0.134437 0.102569 2.33676 0.169096 10
0.121587 -0.117517 2.33881 0.169096 10
-0.133467 0.103827 2.34085 0.169096 10
-0.132978 0.104453 2.3429 0.169096 10
0.121033 -0.118087 2.34495 0.169096 10
-0.131991 0.105697 2.34699 0.169096 10
0.120477 -0.118654 2.34904 0.169096 10
-0.16374 0.133666 2.35108 0.21137 10
0.149899 -0.149023 2.35313 0.21137 10
-0.162477 0.135198 2.35517 0.21137 10
0.149197 -0.149725 2.35722 0.21137 10
-0.1612 0.136719 2.35926 0.21137 10
-0.160556 0.137474 2.36131 0.21137 10
0.148492 -0.150424 2.36335 0.21137 10
-0.159258 0.138976 2.3654 0.21137 10
0.147784 -0.15112 2.36744 0.21137 10
-0.157945 0.140466 2.36949 0.21137 10
0.147072 -0.151813 2.37153 0.21137 10
-0.156619 0.141944 2.37358 0.21137 10
-0.15595 0.142678 2.37562 0.21137 10
0.146358 -0.152502 2.37767 0.21137 10
-0.154603 0.144136 2.37972 0.21137 10
0.14564 -0.153187 2.38176 0.21137 10
-0.153242 0.145583 2.38381 0.21137 10
0.144919 -0.15387 2.38585 0.21137 10
-0.151868 0.147016 2.3879 0.21137 10
-0.151175 0.147727 2.38994 0.21137 10
0.144194 -0.154549 2.39199 0.21137 10
-0.149781 0.149141 2.39403 0.21137 10
0.143467 -0.155225 2.39608 0.21137 10
-0.148373 0.150542 2.39812 0.21137 10
0.142736 -0.155897 2.40017 0.21137 10
-0.146953 0.151928 2.40221 0.21137 10
0.142002 -0.156565 2.40426 0.21137 10
-0.145519 0.153303 2.4063 0.21137 10
-0.144797 0.153985 2.40835 0.21137 10
0.141265 -0.15723 2.4104 0.21137 10
-0.143344 0.155338 2.41244 0.21137 10
0.140525 -0.157893 2.41449 0.21137 10
-0.141879 0.156678 2.41653 0.21137 10
0.139782 -0.158551 2.41858 0.21137 10
-0.140401 0.158004 2.42062 0.21137 10
-0.139657 0.158661 2.42267 0.21137 10
0.139036 -0.159206 2.42471 0.21137 10
-0.13816 0.159966 2.42676 0.21137 10
0.138286 -0.159857 2.4288 0.21137 10
-0.136651 0.161257 2.43085 0.21137 10
0.137534 -0.160505 2.43289 0.21137 10
-0.135131 0.162534 2.43494 0.21137 10
-0.134366 0.163167 2.43698 0.21137 10
0.136778 -0.161149 2.43903 0.21137 10
-0.132827 0.164422 2.44107 0.21137 10
0.13602 -0.16179 2.44312 0.21137 10
-0.131276 0.165662 2.44517 0.21137 10
0.135259 -0.162427 2.44721 0.21137 10
-0.129714 0.166888 2.44926 0.21137 10
0.134494 -0.16306 2.4513 0.21137 10
-0.128141 0.168099 2.45335 0.21137 10
-0.12735 0.1687 2.45539 0.21137 10
0.133727 -0.16369 2.45744 0.21137 10
-0.12576 0.169888 2.45948 0.21137 10
0.132956 -0.164317 2.46153 0.21137 10
-0.124158 0.171062 2.46357 0.21137 10
0.132183 -0.164939 2.46562 0.21137 10
-0.122545 0.172221 2.46766 0.21137 10
-0.121735 0.172795 2.46971 0.21137 10
0.131407 -0.165558 2.47175 0.21137 10
-0.120106 0.17393 2.4738 0.21137 10
0.130628 -0.166174 2.47585 0.21137 10
-0.118467 0.175051 2.47789 0.21137 10
0.129846 -0.166786 2.47994 0.21137 10
-0.116817 0.176156 2.48198 0.21137 10
0.129061 -0.167394 2.48403 0.21137 10
-0.115158 0.177246 2.48607 0.21137 10
-0.114324 0.177784 2.48812 0.21137 10
0.128273 -0.167998 2.49016 0.21137 10
-0.112649 0.178851 2.49221 0.21137 10
0.127483 -0.168599 2.49425 0.21137 10
-0.110964 0.179902 2.4963 0.21137 10
0.126689 -0.169196 2.49834 0.21137 10
-0.109268 0.180936 2.50039 0.21137 10
-0.108418 0.181447 2.50243 0.21137 10
0.125893 -0.169789 2.50448 0.21137 10
-0.106708 0.182457 2.50652 0.21137 10
0.125094 -0.170378 2.50857 0.21137 10
-0.10499 0.183452 2.51062 0.21137 10
0.124293 -0.170964 2.51266 0.21137 10
-0.103261 0.18443 2.51471 0.21137 10
-0.102394 0.184914 2.51675 0.21137 10
0.123488 -0.171546 2.5188 0.21137 10
-0.100652 0.185867 2.52084 0.21137 10
0.122681 -0.172124 2.52289 0.21137 10
-0.0989017 0.186804 2.52493 0.21137 10
0.121871 -0.172698 2.52698 0.21137 10
-0.0971427 0.187725 2.52902 0.21137 10
0.121059 -0.173269 2.53107 0.21137 10
-0.11445 0.226355 2.53311 0.253644 10
-0.113385 0.226891 2.53516 0.253644 10
0.144292 -0.208602 2.5372 0.253644 10
-0.111249 0.227945 2.53925 0.253644 10
0.143311 -0.209278 2.54129 0.253644 10
-0.109103 0.228981 2.54334 0.253644 10
0.142326 -0.209949 2.54539 0.253644 10
-0.106947 0.229995 2.54743 0.253644 10
-0.105865 0.230495 2.54948 0.253644 10
0.141339 -0.210616 2.55152 0.253644 10
-0.103695 0.23148 2.55357 0.253644 10
0.140348 -0.211277 2.55561 0.253644 10
-0.101516 0.232443 2.55766 0.253644 10
0.139354 -0.211934 2.5597 0.253644 10
-0.099328 0.233387 2.56175 0.253644 10
-0.0982308 0.23385 2.56379 0.253644 10
0.138357 -0.212586 2.56584 0.253644 10
-0.0960295 0.234763 2.56788 0.253644 10
0.137357 -0.213233 2.56993 0.253644 10
-0.0938199 0.235655 2.57197 0.253644 10
0.136354 -0.213877 2.57402 0.253644 10
-0.0916018 0.236526 2.57607 0.253644 10
0.135348 -0.214514 2.57811 0.253644 10
-0.0893762 0.237376 2.58016 0.253644 10
-0.0882602 0.237793 2.5822 0.253644 10
0.134338 -0.215148 2.58425 0.253644 10
-0.0860224 0.238612 2.58629 0.253644 10
0.133327 -0.215776 2.58834 0.253644 10
-0.0837772 0.239409 2.59038 0.253644 10
0.132311 -0.216401 2.59243 0.253644 10
-0.0815241 0.240186 2.59447 0.253644 10
-0.080395 0.240566 2.59652 0.253644 10
0.131294 -0.21702 2.59856 0.253644 10
-0.0781317 0.241311 2.60061 0.253644 10
0.130272 -0.217634 2.60265 0.253644 10
-0.0758612 0.242034 2.6047 0.253644 10
0.129249 -0.218243 2.60674 0.253644 10
-0.0735841 0.242736 2.60879 0.253644 10
0.128222 -0.218848 2.61084 0.253644 10
-0.0713007 0.243417 2.61288 0.253644 10
-0.0701566 0.243749 2.61493 0.253644 10
0.127193 -0.219448 2.61697 0.253644 10
-0.0678637 0.244397 2.61902 0.253644 10
0.126161 -0.220043 2.62106 0.253644 10
-0.0655649 0.245024 2.62311 0.253644 10
0.125126 -0.220634 2.62515 0.253644 10
-0.0632598 0.245629 2.6272 0.253644 10
-0.0621057 0.245924 2.62924 0.253644 10
0.124088 -0.221218 2.63129 0.253644 10
-0.0597928 0.246496 2.63333 0.253644 10
0.123048 -0.221798 2.63538 0.253644 10
-0.0574744 0.247047 2.63742 0.253644 10
0.122005 -0.222374 2.63947 0.253644 10
-0.064343 0.288838 2.64152 0.295918 10
-0.0629857 0.289138 2.64356 0.295918 10
0.141119 -0.260102 2.64561 0.295918 10
-0.0602667 0.289717 2.64765 0.295918 10
0.139895 -0.260762 2.6497 0.295918 10
-0.0575423 0.29027 2.65174 0.295918 10
0.138669 -0.261416 2.65379 0.295918 10
-0.0548129 0.290798 2.65583 0.295918 10
0.137439 -0.262065 2.65788 0.295918 10
-0.0520787 0.2913 2.65992 0.295918 10
-0.05071 0.291541 2.66197 0.295918 10
0.136207 -0.262708 2.66401 0.295918 10
-0.0479686 0.292005 2.66606 0.295918 10
0.134972 -0.263345 2.6681 0.295918 10
-0.0452235 0.292442 2.67015 0.295918 10
0.133733 -0.263975 2.67219 0.295918 10
-0.0424743 0.292854 2.67424 0.295918 10
-0.0410984 0.293051 2.67629 0.295918 10
0.132492 -0.264601 2.67833 0.295918 10
-0.0383432 0.293424 2.68038 0.295918 10
0.131248 -0.26522 2.68242 0.295918 10
-0.0355856 0.293771 2.68447 0.295918 10
0.13 -0.265834 2.68651 0.295918 10
-0.032824 0.294092 2.68856 0.295918 10
0.12875 -0.266442 2.6906 0.295918 10
-0.0300598 0.294388 2.69265 0.295918 10
-0.0286767 0.294526 2.69469 0.295918 10
0.127497 -0.267044 2.69674 0.295918 10
-0.0259087 0.294782 2.69878 0.295918 10
0.126241 -0.26764 2.70083 0.295918 10
-0.0231383 0.295012 2.70287 0.295918 10
0.124983 -0.268229 2.70492 0.295918 10
-0.020366 0.295216 2.70696 0.295918 10
-0.0189788 0.295309 2.70901 0.295918 10
0.123722 -0.268813 2.71106 0.295918 10
-0.0185189 0.337685 2.7131 0.338192 10
0.139952 -0.307876 2.71515 0.338192 10
-0.0153458 0.337844 2.71719 0.338192 10
0.138504 -0.30853 2.71924 0.338192 10
-0.0121715 0.337973 2.72128 0.338192 10
-0.0105839 0.338027 2.72333 0.338192 10
0.137053 -0.309177 2.72537 0.338192 10
-0.00740767 0.338111 2.72742 0.338192 10
0.135599 -0.309818 2.72946 0.338192 10
-0.00423121 0.338166 2.73151 0.338192 10
0.134143 -0.310451 2.73355 0.338192 10
-0.00105429 0.338191 2.7356 0.338192 10
0.132683 -0.311078 2.73764 0.338192 10
0.00212264 0.338186 2.73969 0.338192 10
0.00371146 0.338171 2.74173 0.338192 10
0.13122 -0.311697 2.74378 0.338192 10
0.00688791 0.338122 2.74583 0.338192 10
0.129755 -0.312311 2.74787 0.338192 10
0.0100641 0.338042 2.74992 0.338192 10
0.128286 -0.312916 2.75196 0.338192 10
0.0132394 0.337933 2.75401 0.338192 10
0.0148263 0.337868 2.75605 0.338192 10
0.126815 -0.313516 2.7581 0.338192 10
0.0179996 0.337713 2.76014 0.338192 10
0.125341 -0.314108 2.76219 0.338192 10
0.0211716 0.337529 2.76423 0.338192 10
0.123864 -0.314693 2.76628 0.338192 10
0.0273838 0.37948 2.76832 0.380466 10
0.029166 0.379347 2.77037 0.380466 10
0.137683 -0.35468 2.77241 0.380466 10
0.0327287 0.379056 2.77446 0.380466 10
0.136016 -0.355323 2.77651 0.380466 10
0.0362878 0.378732 2.77855 0.380466 10
0.134345 -0.355958 2.7806 0.380466 10
0.0398443 0.378375 2.78264 0.380466 10
0.132672 -0.356586 2.78469 0.380466 10
0.0433969 0.377983 2.78673 0.380466 10
0.045172 0.377775 2.78878 0.380466 10
0.130995 -0.357205 2.79082 0.380466 10
0.0487187 0.377334 2.79287 0.380466 10
0.129316 -0.357816 2.79491 0.380466 10
0.0522614 0.37686 2.79696 0.380466 10
0.127634 -0.358419 2.799 0.380466 10
0.0557992 0.376353 2.80105 0.380466 10
0.0575662 0.376086 2.80309 0.380466 10
0.125949 -0.359015 2.80514 0.380466 10
0.0610969 0.375529 2.80718 0.380466 10
0.124261 -0.359602 2.80923 0.380466 10
0.0718024 0.416598 2.81128 0.422741 10
0.136189 -0.400203 2.81332 0.422741 10
0.0757127 0.415905 2.81537 0.422741 10
0.134308 -0.400837 2.81741 0.422741 10
0.0796163 0.415176 2.81946 0.422741 10
0.0815659 0.414797 2.8215 0.422741 10
0.132424 -0.401464 2.82355 0.422741 10
0.0854588 0.414012 2.82559 0.422741 10
0.130537 -0.402081 2.82764 0.422741 10
0.0893443 0.413191 2.82968 0.422741 10
0.128647 -0.40269 2.83173 0.422741 10
0.0932217 0.412334 2.83377 0.422741 10
0.0951576 0.411891 2.83582 0.422741 10
0.126754 -0.40329 2.83786 0.422741 10
0.0990229 0.410979 2.83991 0.422741 10
0.124858 -0.403881 2.84196 0.422741 10
0.113167 0.451034 2.844 0.465015 10
0.135256 -0.44491 2.84605 0.465015 10
0.117399 0.449951 2.84809 0.465015 10
0.119512 0.449395 2.85014 0.465015 10
0.133164 -0.44554 2.85218 0.465015 10
0.123728 0.448252 2.85423 0.465015 10
0.13107 -0.44616 2.85627 0.465015 10
0.127933 0.44707 2.85832 0.465015 10
0.128973 -0.446771 2.86036 0.465015 10
0.132128 0.445848 2.86241 0.465015 10
0.126873 -0.447372 2.86445 0.465015 10
0.148702 0.485005 2.8665 0.507289 10
0.150978 0.484301 2.86854 0.507289 10
0.136113 -0.488687 2.87059 0.507289 10
0.155521 0.482861 2.87263 0.507289 10
0.133816 -0.489321 2.87468 0.507289 10
0.16005 0.481379 2.87673 0.507289 10
0.131516 -0.489944 2.87877 0.507289 10
0.164565 0.479854 2.88082 0.507289 10
0.166817 0.479076 2.88286 0.507289 10
0.129214 -0.490557 2.88491 0.507289 10
0.171311 0.477487 2.88695 0.507289 10
0.126908 -0.491158 2.889 0.507289 10
0.190438 0.515512 2.89104 0.549563 10
0.134983 -0.532728 2.89309 0.549563 10
0.195272 0.5137 2.89513 0.549563 10
0.197683 0.512777 2.89718 0.549563 10
0.132479 -0.533356 2.89922 0.549563 10
0.202492 0.510898 2.90127 0.549563 10
0.129972 -0.533972 2.90331 0.549563 10
0.207282 0.508973 2.90536 0.549563 10
0.127463 -0.534577 2.9074 0.549563 10
0.228366 0.546004 2.90945 0.591837 10
0.134562 -0.576337 2.9115 0.591837 10
0.233485 0.543834 2.91354 0.591837 10
0.236037 0.542731 2.91559 0.591837 10
0.131853 -0.576962 2.91763 0.591837 10
0.241125 0.54049 2.91968 0.591837 10
0.129142 -0.577575 2.92172 0.591837 10
0.263777 0.576644 2.92377 0.634111 10
0.135458 -0.619474 2.92581 0.634111 10
0.269182 0.57414 2.92786 0.634111 10
0.271876 0.572869 2.9299 0.634111 10
0.132547 -0.620103 2.93195 0.634111 10
0.277246 0.57029 2.93399 0.634111 10
0.129633 -0.620719 2.93604 0.634111 10
0.30143 0.605505 2.93808 0.676385 10
0.135163 -0.662742 2.94013 0.676385 10
0.307105 0.602646 2.94218 0.676385 10
0.132049 -0.66337 2.94422 0.676385 10
0.312753 0.599735 2.94627 0.676385 10
0.315567 0.598259 2.94831 0.676385 10
0.128931 -0.663983 2.95036 0.676385 10
0.341246 0.632473 2.9524 0.718659 10
0.133674 -0.706117 2.95445 0.718659 10
0.347172 0.62924 2.95649 0.718659 10
0.130356 -0.706738 2.95854 0.718659 10
0.373837 0.66277 2.96058 0.760933 10
0.376946 0.661007 2.96263 0.760933 10
0.134508 -0.74895 2.96467 0.760933 10
0.383139 0.657437 2.96672 0.760933 10
0.130989 -0.749574 2.96876 0.760933 10
0.410926 0.690132 2.97081 0.803207 10
0.134547 -0.791858 2.97285 0.803207 10
0.417391 0.68624 2.9749 0.803207 10
0.42061 0.684272 2.97695 0.803207 10
0.130827 -0.792481 2.97899 0.803207 10
0.449494 0.716096 2.98104 0.845481 10
0.133792 -0.834828 2.98308 0.845481 10
0.479012 0.747434 2.98513 0.887755 10
0.136363 -0.87722 2.98717 0.887755 10
0.486012 0.742901 2.98922 0.887755 10
0.132241 -0.87785 2.99126 0.887755 10
0.516444 0.773459 2.99331 0.930029 10
0.520071 0.771026 2.99535 0.930029 10
0.134218 -0.920294 2.9974 0.930029 10
0.551259 0.800929 2.99944 0.972303 10
0.135797 -0.962773 3.00149 0.972303 10
0.583052 0.830311 3.00353 1.01458 10
0.136981 -1.00529 3.00558 1.01458 10
0.615445 0.859164 3.00763 1.05685 10
0.619473 0.856263 3.00967 1.05685 10
0.137769 -1.04783 3.01172 1.05685 10
0.65259 0.884422 3.01376 1.09913 10
0.138159 -1.09041 3.01581 1.09913 10
0.686288 0.912032 3.01785 1.1414 10
0.138153 -1.13301 3.0199 1.1414 10
0.720559 0.939083 3.02194 1.18367 10
0.137748 -1.17563 3.02399 1.18367 10
0.755397 0.965568 3.02603 1.22595 10
0.759924 0.962009 3.02808 1.22595 10
0.136947 -1.21827 3.03012 1.22595 10
0.821957 1.02068 3.03217 1.3105 10
0.140273 -1.30297 3.03421 1.3105 10
0.885155 1.07826 3.03626 1.39504 10
0.142807 -1.38771 3.0383 1.39504 10
0.922374 1.10232 3.04035 1.43732 10
0.927542 1.09797 3.0424 1.43732 10
0.140417 -1.43044 3.04444 1.43732 10
0.992981 1.15328 3.04649 1.52187 10
0.14156 -1.51527 3.04853 1.52187 10
1.08742 1.23923 3.05058 1.64869 10
0.145645 -1.64224 3.05262 1.64869 10
1.15537 1.29198 3.05467 1.73324 10
1.16143 1.28654 3.05671 1.73324 10
0.145003 -1.72716 3.05876 1.73324 10
1.25933 1.36891 3.0608 1.86006 10
0.146905 -1.85425 3.06285 1.86006 10
1.38778 1.48038 3.06489 2.02915 10
0.150757 -2.02355 3.06694 2.02915 10
1.51842 1.58955 3.06898 2.19825 10
0.153021 -2.19292 3.07103 2.19825 10
1.68072 1.72668 3.07307 2.40962 10
1.68881 1.71877 3.07512 2.40962 10
0.156442 -2.40454 3.07717 2.40962 10
1.85444 1.8522 3.07921 2.62099 10
0.157878 -2.61623 3.08126 2.62099 10
3.56237 3.49184 3.0833 4.98833 10
0.277086 -4.98063 3.08535 4.98833 10
3.59502 3.45822 3.08739 4.98833 10
3.61122 3.4413 3.08944 4.98833 10
0.253688 -4.98188 3.09148 4.98833 10
3.64339 3.40722 3.09353 4.98833 10
0.230285 -4.98302 3.09557 4.98833 10
3.67524 3.37285 3.09762 4.98833 10
0.206877 -4.98404 3.09966 4.98833 10
4.05231 3.64936 3.10171 5.45335 10
4.0694 3.63028 3.10375 5.45335 10
0.200567 -5.44966 3.1058 5.45335 10
5.21663 4.56644 3.10785 6.93294 10
0.222439 -6.92937 3.10989 6.93294 10
0 0 3.11194 0 -1
-2.39414 -4.50933 3.11398 0 -1
0 0 3.11603 0 -1
-2.39414 -4.50933 3.11807 0 -1
0 0 3.12012 0 -1
0 0 3.12216 0 -1
-2.39414 -4.50933 3.12421 0 -1
0 0 3.12625 0 -1
-2.39414 -4.50933 3.1283 0 -1
0 0 3.13034 0 -1
-2.39414 -4.50933 3.13239 0 -1
0 0 3.13443 0 -1
0 0 3.13648 0 -1
-2.39414 -4.50933 3.13852 0 -1
0 0 3.14057 0 -1
-2.39414 -4.50933 3.14262 0 -1
0 0 3.14466 0 -1
-2.39414 -4.50933 3.14671 0 -1
0 0 3.14875 0 -1
-2.39414 -4.50933 3.1508 0 -1
0 0 3.15284 0 -1
0 0 3.15489 0 -1
-2.39414 -4.50933 3.15693 0 -1
0 0 3.15898 0 -1
-2.39414 -4.50933 3.16102 0 -1
0 0 3.16307 0 -1
-2.39414 -4.50933 3.16511 0 -1
0 0 3.16716 0 -1
0 0 3.1692 0 -1
-2.39414 -4.50933 3.17125 0 -1
0 0 3.1733 0 -1
-2.39414 -4.50933 3.17534 0 -1
0 0 3.17739 0 -1
-2.39414 -4.50933 3.17943 0 -1
0 0 3.18148 0 -1
0 0 3.18352 0 -1
-2.39414 -4.50933 3.18557 0 -1
0 0 3.18761 0 -1
-2.39414 -4.50933 3.18966 0 -1
0 0 3.1917 0 -1
-2.39414 -4.50933 3.19375 0 -1
0 0 3.19579 0 -1
-2.39414 -4.50933 3.19784 0 -1
0 0 3.19988 0 -1
0 0 3.20193 0 -1
-2.39414 -4.50933 3.20397 0 -1
0 0 3.20602 0 -1
-2.39414 -4.50933 3.20807 0 -1
0 0 3.21011 0 -1
-2.39414 -4.50933 3.21216 0 -1
0 0 3.2142 0 -1
0 0 3.21625 0 -1
-2.39414 -4.50933 3.21829 0 -1
0 0 3.22034 0 -1
-2.39414 -4.50933 3.22238 0 -1
0 0 3.22443 0 -1
-2.39414 -4.50933 3.22647 0 -1
0 0 3.22852 0 -1
0 0 3.23056 0 -1
-2.39414 -4.50933 3.23261 0 -1
0 0 3.23465 0 -1
-2.39414 -4.50933 3.2367 0 -1
0 0 3.23874 0 -1
-2.39414 -4.50933 3.24079 0 -1
0 0 3.24284 0 -1
-2.39414 -4.50933 3.24488 0 -1
0 0 3.24693 0 -1
0 0 3.24897 0 -1
-2.39414 -4.50933 3.25102 0 -1
0 0 3.25306 0 -1
-2.39414 -4.50933 3.25511 0 -1
0 0 3.25715 0 -1
-2.39414 -4.50933 3.2592 0 -1
0 0 3.26124 0 -1
0 0 3.26329 0 -1
-2.39414 -4.50933 3.26533 0 -1
0 0 3.26738 0 -1
-2.39414 -4.50933 3.26942 0 -1
0 0 3.27147 0 -1
-2.39414 -4.50933 3.27351 0 -1
0 0 3.27556 0 -1
-2.39414 -4.50933 3.27761 0 -1
0 0 3.27965 0 -1
0 0 3.2817 0 -1
-2.39414 -4.50933 3.28374 0 -1
0 0 3.28579 0 -1
-2.39414 -4.50933 3.28783 0 -1
0 0 3.28988 0 -1
-2.39414 -4.50933 3.29192 0 -1
0 0 3.29397 0 -1
0 0 3.29601 0 -1
-2.39414 -4.50933 3.29806 0 -1
0 0 3.3001 0 -1
-2.39414 -4.50933 3.30215 0 -1
0 0 3.30419 0 -1
-2.39414 -4.50933 3.30624 0 -1
0 0 3.30829 0 -1
0 0 3.31033 0 -1
-2.39414 -4.50933 3.31238 0 -1
0 0 3.31442 0 -1
-2.39414 -4.50933 3.31647 0 -1
0 0 3.31851 0 -1
-2.39414 -4.50933 3.32056 0 -1
0 0 3.3226 0 -1
-2.39414 -4.50933 3.32465 0 -1
0 0 3.32669 0 -1
0 0 3.32874 0 -1
-2.39414 -4.50933 3.33078 0 -1
0 0 3.33283 0 -1
-2.39414 -4.50933 3.33487 0 -1
0 0 3.33692 0 -1
-2.39414 -4.50933 3.33896 0 -1
0 0 3.34101 0 -1
0 0 3.34306 0 -1
-2.39414 -4.50933 3.3451 0 -1
0 0 3.34715 0 -1
-2.39414 -4.50933 3.34919 0 -1
0 0 3.35124 0 -1
-2.39414 -4.50933 3.35328 0 -1
0 0 3.35533 0 -1
-2.39414 -4.50933 3.35737 0 -1
0 0 3.35942 0 -1
0 0 3.36146 0 -1
-2.39414 -4.50933 3.36351 0 -1
0 0 3.36555 0 -1
-2.39414 -4.50933 3.3676 0 -1
0 0 3.36964 0 -1
-2.39414 -4.50933 3.37169 0 -1
0 0 3.37374 0 -1
0 0 3.37578 0 -1
-2.39414 -4.50933 3.37783 0 -1
0 0 3.37987 0 -1
-2.39414 -4.50933 3.38192 0 -1
0 0 3.38396 0 -1
-2.39414 -4.50933 3.38601 0 -1
0 0 3.38805 0 -1
0 0 3.3901 0 -1
-2.39414 -4.50933 3.39214 0 -1
0 0 3.39419 0 -1
-2.39414 -4.50933 3.39623 0 -1
0 0 3.39828 0 -1
-2.39414 -4.50933 3.40032 0 -1
0 0 3.40237 0 -1
-2.39414 -4.50933 3.40441 0 -1
0 0 3.40646 0 -1
0 0 3.40851 0 -1
-2.39414 -4.50933 3.41055 0 -1
0 0 3.4126 0 -1
-2.39414 -4.50933 3.41464 0 -1
0 0 3.41669 0 -1
-2.39414 -4.50933 3.41873 0 -1
0 0 3.42078 0 -1
0 0 3.42282 0 -1
-2.39414 -4.50933 3.42487 0 -1
0 0 3.42691 0 -1
-2.39414 -4.50933 3.42896 0 -1
0 0 3.431 0 -1
-2.39414 -4.50933 3.43305 0 -1
0 0 3.43509 0 -1
0 0 3.43714 0 -1
-2.39414 -4.50933 3.43918 0 -1
0 0 3.44123 0 -1
-2.39414 -4.50933 3.44328 0 -1
0 0 3.44532 0 -1
-2.39414 -4.50933 3.44737 0 -1
0 0 3.44941 0 -1
-2.39414 -4.50933 3.45146 0 -1
0 0 3.4535 0 -1
0 0 3.45555 0 -1
-2.39414 -4.50933 3.45759 0 -1
0 0 3.45964 0 -1
-2.39414 -4.50933 3.46168 0 -1
0 0 3.46373 0 -1
-2.39414 -4.50933 3.46577 0 -1
0 0 3.46782 0 -1
0 0 3.46986 0 -1
-2.39414 -4.50933 3.47191 0 -1
0 0 3.47396 0 -1
-2.39414 -4.50933 3.476 0 -1
0 0 3.47805 0 -1
-2.39414 -4.50933 3.48009 0 -1
0 0 3.48214 0 -1
-2.39414 -4.50933 3.48418 0 -1
0 0 3.48623 0 -1
0 0 3.48827 0 -1
-2.39414 -4.50933 3.49032 0 -1
0 0 3.49236 0 -1
-2.39414 -4.50933 3.49441 0 -1
0 0 3.49645 0 -1
-2.39414 -4.50933 3.4985 0 -1
0 0 3.50054 0 -1
0 0 3.50259 0 -1
-2.39414 -4.50933 3.50463 0 -1
0 0 3.50668 0 -1
-2.39414 -4.50933 3.50873 0 -1
0 0 3.51077 0 -1
-2.39414 -4.50933 3.51282 0 -1
0 0 3.51486 0 -1
0 0 3.51691 0 -1
-2.39414 -4.50933 3.51895 0 -1
0 0 3.521 0 -1
-2.39414 -4.50933 3.52304 0 -1
0 0 3.52509 0 -1
-2.39414 -4.50933 3.52713 0 -1
0 0 3.52918 0 -1
-2.39414 -4.50933 3.53122 0 -1
0 0 3.53327 0 -1
0 0 3.53531 0 -1
-2.39414 -4.50933 3.53736 0 -1
0 0 3.53941 0 -1
-2.39414 -4.50933 3.54145 0 -1
0 0 3.5435 0 -1
-2.39414 -4.50933 3.54554 0 -1
0 0 3.54759 0 -1
0 0 3.54963 0 -1
-2.39414 -4.50933 3.55168 0 -1
0 0 3.55372 0 -1
-2.39414 -4.50933 3.55577 0 -1
0 0 3.55781 0 -1
-2.39414 -4.50933 3.55986 0 -1
0 0 3.5619 0 -1
0 0 3.56395 0 -1
-2.39414 -4.50933 3.56599 0 -1
0 0 3.56804 0 -1
-2.39414 -4.50933 3.57008 0 -1
0 0 3.57213 0 -1
-2.39414 -4.50933 3.57418 0 -1
0 0 3.57622 0 -1
-2.39414 -4.50933 3.57827 0 -1
0 0 3.58031 0 -1
0 0 3.58236 0 -1
-2.39414 -4.50933 3.5844 0 -1
0 0 3.58645 0 -1
-2.39414 -4.50933 3.58849 0 -1
0 0 3.59054 0 -1
-2.39414 -4.50933 3.59258 0 -1
0 0 3.59463 0 -1
0 0 3.59667 0 -1
-2.39414 -4.50933 3.59872 0 -1
0 0 3.60076 0 -1
-2.39414 -4.50933 3.60281 0 -1
0 0 3.60485 0 -1
-2.39414 -4.50933 3.6069 0 -1
0 0 3.60895 0 -1
-2.39414 -4.50933 3.61099 0 -1
0 0 3.61304 0 -1
0 0 3.61508 0 -1
-2.39414 -4.50933 3.61713 0 -1
0 0 3.61917 0 -1
-2.39414 -4.50933 3.62122 0 -1
0 0 3.62326 0 -1
-2.39414 -4.50933 3.62531 0 -1
0 0 3.62735 0 -1
0 0 3.6294 0 -1
-2.39414 -4.50933 3.63144 0 -1
0 0 3.63349 0 -1
-2.39414 -4.50933 3.63553 0 -1
0 0 3.63758 0 -1
-2.39414 -4.50933 3.63963 0 -1
0 0 3.64167 0 -1
0 0 3.64372 0 -1
-2.39414 -4.50933 3.64576 0 -1
0 0 3.64781 0 -1
-2.39414 -4.50933 3.64985 0 -1
0 0 3.6519 0 -1
-2.39414 -4.50933 3.65394 0 -1
0 0 3.65599 0 -1
-2.39414 -4.50933 3.65803 0 -1
0 0 3.66008 0 -1
0 0 3.66212 0 -1
-2.39414 -4.50933 3.66417 0 -1
0 0 3.66621 0 -1
-2.39414 -4.50933 3.66826 0 -1
0 0 3.6703 0 -1
-2.39414 -4.50933 3.67235 0 -1
0 0 3.6744 0 -1
0 0 3.67644 0 -1
-2.39414 -4.50933 3.67849 0 -1
0 0 3.68053 0 -1
-2.39414 -4.50933 3.68258 0 -1
0 0 3.68462 0 -1
-2.39414 -4.50933 3.68667 0 -1
0 0 3.68871 0 -1
-2.39414 -4.50933 3.69076 0 -1
0 0 3.6928 0 -1
0 0 3.69485 0 -1
-2.39414 -4.50933 3.69689 0 -1
0 0 3.69894 0 -1
-2.39414 -4.50933 3.70098 0 -1
0 0 3.70303 0 -1
-2.39414 -4.50933 3.70508 0 -1
0 0 3.70712 0 -1
0 0 3.70917 0 -1
-2.39414 -4.50933 3.71121 0 -1
0 0 3.71326 0 -1
-2.39414 -4.50933 3.7153 0 -1
0 0 3.71735 0 -1
-2.39414 -4.50933 3.71939 0 -1
0 0 3.72144 0 -1
0 0 3.72348 0 -1
-2.39414 -4.50933 3.72553 0 -1
0 0 3.72757 0 -1
-2.39414 -4.50933 3.72962 0 -1
0 0 3.73166 0 -1
-2.39414 -4.50933 3.73371 0 -1
0 0 3.73575 0 -1
-2.39414 -4.50933 3.7378 0 -1
0 0 3.73985 0 -1
0 0 3.74189 0 -1
-2.39414 -4.50933 3.74394 0 -1
0 0 3.74598 0 -1
-2.39414 -4.50933 3.74803 0 -1
0 0 3.75007 0 -1
-2.39414 -4.50933 3.75212 0 -1
0 0 3.75416 0 -1
0 0 3.75621 0 -1
-2.39414 -4.50933 3.75825 0 -1
0 0 3.7603 0 -1
-2.39414 -4.50933 3.76234 0 -1
0 0 3.76439 0 -1
-2.39414 -4.50933 3.76643 0 -1
0 0 3.76848 0 -1
0 0 3.77052 0 -1
-2.39414 -4.50933 3.77257 0 -1
0 0 3.77462 0 -1
-2.39414 -4.50933 3.77666 0 -1
0 0 3.77871 0 -1
-2.39414 -4.50933 3.78075 0 -1
0 0 3.7828 0 -1
-2.39414 -4.50933 3.78484 0 -1
0 0 3.78689 0 -1
0 0 3.78893 0 -1
-2.39414 -4.50933 3.79098 0 -1
0 0 3.79302 0 -1
-2.39414 -4.50933 3.79507 0 -1
0 0 3.79711 0 -1
-2.39414 -4.50933 3.79916 0 -1
0 0 3.8012 0 -1
0 0 3.80325 0 -1
-2.39414 -4.50933 3.80529 0 -1
0 0 3.80734 0 -1
-2.39414 -4.50933 3.80939 0 -1
0 0 3.81143 0 -1
-2.39414 -4.50933 3.81348 0 -1
0 0 3.81552 0 -1
-2.39414 -4.50933 3.81757 0 -1
0 0 3.81961 0 -1
0 0 3.82166 0 -1
-2.39414 -4.50933 3.8237 0 -1
0 0 3.82575 0 -1
-2.39414 -4.50933 3.82779 0 -1
0 0 3.82984 0 -1
-2.39414 -4.50933 3.83188 0 -1
0 0 3.83393 0 -1
0 0 3.83597 0 -1
-2.39414 -4.50933 3.83802 0 -1
0 0 3.84007 0 -1
-2.39414 -4.50933 3.84211 0 -1
0 0 3.84416 0 -1
-2.39414 -4.50933 3.8462 0 -1
0 0 3.84825 0 -1
0 0 3.85029 0 -1
-2.39414 -4.50933 3.85234 0 -1
0 0 3.85438 0 -1
-2.39414 -4.50933 3.85643 0 -1
0 0 3.85847 0 -1
-2.39414 -4.50933 3.86052 0 -1
0 0 3.86256 0 -1
-2.39414 -4.50933 3.86461 0 -1
0 0 3.86665 0 -1
0 0 3.8687 0 -1
-2.39414 -4.50933 3.87074 0 -1
0 0 3.87279 0 -1
-2.39414 -4.50933 3.87484 0 -1
0 0 3.87688 0 -1
-2.39414 -4.50933 3.87893 0 -1
0 0 3.88097 0 -1
0 0 3.88302 0 -1
-2.39414 -4.50933 3.88506 0 -1
0 0 3.88711 0 -1
-2.39414 -4.50933 3.88915 0 -1
0 0 3.8912 0 -1
-2.39414 -4.50933 3.89324 0 -1
0 0 3.89529 0 -1
0 0 3.89733 0 -1
-2.39414 -4.50933 3.89938 0 -1
0 0 3.90142 0 -1
-2.39414 -4.50933 3.90347 0 -1
0 0 3.90552 0 -1
-2.39414 -4.50933 3.90756 0 -1
0 0 3.90961 0 -1
-2.39414 -4.50933 3.91165 0 -1
0 0 3.9137 0 -1
0 0 3.91574 0 -1
-2.39414 -4.50933 3.91779 0 -1
0 0 3.91983 0 -1
-2.39414 -4.50933 3.92188 0 -1
0 0 3.92392 0 -1
-2.39414 -4.50933 3.92597 0 -1
0 0 3.92801 0 -1
0 0 3.93006 0 -1
-2.39414 -4.50933 3.9321 0 -1
0 0 3.93415 0 -1
-2.39414 -4.50933 3.93619 0 -1
0 0 3.93824 0 -1
-2.39414 -4.50933 3.94029 0 -1
0 0 3.94233 0 -1
-2.39414 -4.50933 3.94438 0 -1
0 0 3.94642 0 -1
0 0 3.94847 0 -1
-2.39414 -4.50933 3.95051 0 -1
0 0 3.95256 0 -1
-2.39414 -4.50933 3.9546 0 -1
0 0 3.95665 0 -1
-2.39414 -4.50933 3.95869 0 -1
0 0 3.96074 0 -1
0 0 3.96278 0 -1
-2.39414 -4.50933 3.96483 0 -1
0 0 3.96687 0 -1
-2.39414 -4.50933 3.96892 0 -1
0 0 3.97096 0 -1
-2.39414 -4.50933 3.97301 0 -1
0 0 3.97506 0 -1
0 0 3.9771 0 -1
-2.39414 -4.50933 3.97915 0 -1
0 0 3.98119 0 -1
-2.39414 -4.50933 3.98324 0 -1
0 0 3.98528 0 -1
-2.39414 -4.50933 3.98733 0 -1
0 0 3.98937 0 -1
-2.39414 -4.50933 3.99142 0 -1
0 0 3.99346 0 -1
0 0 3.99551 0 -1
-2.39414 -4.50933 3.99755 0 -1
0 0 3.9996 0 -1
-2.39414 -4.50933 4.00164 0 -1
0 0 4.00369 0 -1
-2.39414 -4.50933 4.00574 0 -1
0 0 4.00778 0 -1
0 0 4.00983 0 -1
-2.39414 -4.50933 4.01187 0 -1
0 0 4.01392 0 -1
-2.39414 -4.50933 4.01596 0 -1
0 0 4.01801 0 -1
-2.39414 -4.50933 4.02005 0 -1
0 0 4.0221 0 -1
-2.39414 -4.50933 4.02414 0 -1
0 0 4.02619 0 -1
0 0 4.02823 0 -1
-2.39414 -4.50933 4.03028 0 -1
0 0 4.03232 0 -1
-2.39414 -4.50933 4.03437 0 -1
0 0 4.03641 0 -1
-2.39414 -4.50933 4.03846 0 -1
0 0 4.04051 0 -1
0 0 4.04255 0 -1
-2.39414 -4.50933 4.0446 0 -1
0 0 4.04664 0 -1
-2.39414 -4.50933 4.04869 0 -1
0 0 4.05073 0 -1
-2.39414 -4.50933 4.05278 0 -1
0 0 4.05482 0 -1
0 0 4.05687 0 -1
-2.39414 -4.50933 4.05891 0 -1
0 0 4.06096 0 -1
-2.39414 -4.50933 4.063 0 -1
0 0 4.06505 0 -1
-2.39414 -4.50933 4.06709 0 -1
0 0 4.06914 0 -1
-2.39414 -4.50933 4.07119 0 -1
0 0 4.07323 0 -1
0 0 4.07528 0 -1
-2.39414 -4.50933 4.07732 0 -1
0 0 4.07937 0 -1
-2.39414 -4.50933 4.08141 0 -1
0 0 4.08346 0 -1
-2.39414 -4.50933 4.0855 0 -1
0 0 4.08755 0 -1
0 0 4.08959 0 -1
-2.39414 -4.50933 4.09164 0 -1
0 0 4.09368 0 -1
-2.39414 -4.50933 4.09573 0 -1
0 0 4.09777 0 -1
-2.39414 -4.50933 4.09982 0 -1
0 0 4.10186 0 -1
0 0 4.10391 0 -1
-2.39414 -4.50933 4.10596 0 -1
0 0 4.108 0 -1
-2.39414 -4.50933 4.11005 0 -1
0 0 4.11209 0 -1
-2.39414 -4.50933 4.11414 0 -1
0 0 4.11618 0 -1
-2.39414 -4.50933 4.11823 0 -1
0 0 4.12027 0 -1
0 0 4.12232 0 -1
-2.39414 -4.50933 4.12436 0 -1
0 0 4.12641 0 -1
-2.39414 -4.50933 4.12845 0 -1
0 0 4.1305 0 -1
-2.39414 -4.50933 4.13254 0 -1
0 0 4.13459 0 -1
0 0 4.13663 0 -1
-2.39414 -4.50933 4.13868 0 -1
0 0 4.14073 0 -1
-2.39414 -4.50933 4.14277 0 -1
0 0 4.14482 0 -1
-2.39414 -4.50933 4.14686 0 -1
0 0 4.14891 0 -1
-2.39414 -4.50933 4.15095 0 -1
0 0 4.153 0 -1
0 0 4.15504 0 -1
-2.39414 -4.50933 4.15709 0 -1
0 0 4.15913 0 -1
-2.39414 -4.50933 4.16118 0 -1
0 0 4.16322 0 -1
-2.39414 -4.50933 4.16527 0 -1
0 0 4.16731 0 -1
0 0 4.16936 0 -1
-2.39414 -4.50933 4.17141 0 -1
0 0 4.17345 0 -1
-2.39414 -4.50933 4.1755 0 -1
0 0 4.17754 0 -1
-2.39414 -4.50933 4.17959 0 -1
0 0 4.18163 0 -1
0 0 4.18368 0 -1
-2.39414 -4.50933 4.18572 0 -1
0 0 4.18777 0 -1
-2.39414 -4.50933 4.18981 0 -1
0 0 4.19186 0 -1
-2.39414 -4.50933 4.1939 0 -1
0 0 4.19595 0 -1
-2.39414 -4.50933 4.19799 0 -1
0 0 4.20004 0 -1
0 0 4.20208 0 -1
-2.39414 -4.50933 4.20413 0 -1
0 0 4.20618 0 -1
-2.39414 -4.50933 4.20822 0 -1
0 0 4.21027 0 -1
-2.39414 -4.50933 4.21231 0 -1
0 0 4.21436 0 -1
0 0 4.2164 0 -1
-2.39414 -4.50933 4.21845 0 -1
0 0 4.22049 0 -1
-2.39414 -4.50933 4.22254 0 -1
0 0 4.22458 0 -1
-2.39414 -4.50933 4.22663 0 -1
0 0 4.22867 0 -1
0 0 4.23072 0 -1
-2.39414 -4.50933 4.23276 0 -1
0 0 4.23481 0 -1
-2.39414 -4.50933 4.23686 0 -1
0 0 4.2389 0 -1
-2.39414 -4.50933 4.24095 0 -1
0 0 4.24299 0 -1
-2.39414 -4.50933 4.24504 0 -1
0 0 4.24708 0 -1
0 0 4.24913 0 -1
-2.39414 -4.50933 4.25117 0 -1
0 0 4.25322 0 -1
-2.39414 -4.50933 4.25526 0 -1
0 0 4.25731 0 -1
-2.39414 -4.50933 4.25935 0 -1
0 0 4.2614 0 -1
0 0 4.26344 0 -1
-2.39414 -4.50933 4.26549 0 -1
0 0 4.26753 0 -1
-2.39414 -4.50933 4.26958 0 -1
0 0 4.27163 0 -1
-2.39414 -4.50933 4.27367 0 -1
0 0 4.27572 0 -1
-2.39414 -4.50933 4.27776 0 -1
0 0 4.27981 0 -1
0 0 4.28185 0 -1
-2.39414 -4.50933 4.2839 0 -1
0 0 4.28594 0 -1
-2.39414 -4.50933 4.28799 0 -1
0 0 4.29003 0 -1
-2.39414 -4.50933 4.29208 0 -1
0 0 4.29412 0 -1
0 0 4.29617 0 -1
-2.39414 -4.50933 4.29821 0 -1
0 0 4.30026 0 -1
-2.39414 -4.50933 4.3023 0 -1
0 0 4.30435 0 -1
-2.39414 -4.50933 4.3064 0 -1
0 0 4.30844 0 -1
0 0 4.31049 0 -1
-2.39414 -4.50933 4.31253 0 -1
0 0 4.31458 0 -1
-2.39414 -4.50933 4.31662 0 -1
0 0 4.31867 0 -1
-2.39414 -4.50933 4.32071 0 -1
0 0 4.32276 0 -1
-2.39414 -4.50933 4.3248 0 -1
0 0 4.32685 0 -1
0 0 4.32889 0 -1
-2.39414 -4.50933 4.33094 0 -1
0 0 4.33298 0 -1
-2.39414 -4.50933 4.33503 0 -1
0 0 4.33708 0 -1
-2.39414 -4.50933 4.33912 0 -1
0 0 4.34117 0 -1
0 0 4.34321 0 -1
-2.39414 -4.50933 4.34526 0 -1
0 0 4.3473 0 -1
-2.39414 -4.50933 4.34935 0 -1
0 0 4.35139 0 -1
-2.39414 -4.50933 4.35344 0 -1
0 0 4.35548 0 -1
-2.39414 -4.50933 4.35753 0 -1
0 0 4.35957 0 -1
0 0 4.36162 0 -1
-2.39414 -4.50933 4.36366 0 -1
0 0 4.36571 0 -1
-2.39414 -4.50933 4.36775 0 -1
0 0 4.3698 0 -1
-2.39414 -4.50933 4.37185 0 -1
0 0 4.37389 0 -1
0 0 4.37594 0 -1
-2.39414 -4.50933 4.37798 0 -1
0 0 4.38003 0 -1
-2.39414 -4.50933 4.38207 0 -1
0 0 4.38412 0 -1
-2.39414 -4.50933 4.38616 0 -1
0 0 4.38821 0 -1
0 0 4.39025 0 -1
-2.39414 -4.50933 4.3923 0 -1
0 0 4.39434 0 -1
-2.39414 -4.50933 4.39639 0 -1
0 0 4.39843 0 -1
-2.39414 -4.50933 4.40048 0 -1
0 0 4.40252 0 -1
-2.39414 -4.50933 4.40457 0 -1
0 0 4.40662 0 -1
0 0 4.40866 0 -1
-2.39414 -4.50933 4.41071 0 -1
0 0 4.41275 0 -1
-2.39414 -4.50933 4.4148 0 -1
0 0 4.41684 0 -1
-2.39414 -4.50933 4.41889 0 -1
0 0 4.42093 0 -1
0 0 4.42298 0 -1
-2.39414 -4.50933 4.42502 0 -1
0 0 4.42707 0 -1
-2.39414 -4.50933 4.42911 0 -1
0 0 4.43116 0 -1
-2.39414 -4.50933 4.4332 0 -1
0 0 4.43525 0 -1
0 0 4.43729 0 -1
-2.39414 -4.50933 4.43934 0 -1
0 0 4.44139 0 -1
-2.39414 -4.50933 4.44343 0 -1
0 0 4.44548 0 -1
-2.39414 -4.50933 4.44752 0 -1
0 0 4.44957 0 -1
-2.39414 -4.50933 4.45161 0 -1
0 0 4.45366 0 -1
0 0 4.4557 0 -1
-2.39414 -4.50933 4.45775 0 -1
0 0 4.45979 0 -1
-2.39414 -4.50933 4.46184 0 -1
0 0 4.46388 0 -1
-2.39414 -4.50933 4.46593 0 -1
0 0 4.46797 0 -1
0 0 4.47002 0 -1
-2.39414 -4.50933 4.47207 0 -1
0 0 4.47411 0 -1
-2.39414 -4.50933 4.47616 0 -1
0 0 4.4782 0 -1
-2.39414 -4.50933 4.48025 0 -1
0 0 4.48229 0 -1
-2.39414 -4.50933 4.48434 0 -1
0 0 4.48638 0 -1
0 0 4.48843 0 -1
-2.39414 -4.50933 4.49047 0 -1
0 0 4.49252 0 -1
-2.39414 -4.50933 4.49456 0 -1
0 0 4.49661 0 -1
-2.39414 -4.50933 4.49865 0 -1
0 0 4.5007 0 -1
0 0 4.50275 0 -1
-2.39414 -4.50933 4.50479 0 -1
0 0 4.50684 0 -1
-2.39414 -4.50933 4.50888 0 -1
0 0 4.51093 0 -1
-2.39414 -4.50933 4.51297 0 -1
0 0 4.51502 0 -1
0 0 4.51706 0 -1
-2.39414 -4.50933 4.51911 0 -1
0 0 4.52115 0 -1
-2.39414 -4.50933 4.5232 0 -1
0 0 4.52524 0 -1
-2.39414 -4.50933 4.52729 0 -1
0 0 4.52933 0 -1
-2.39414 -4.50933 4.53138 0 -1
0 0 4.53342 0 -1
0 0 4.53547 0 -1
-2.39414 -4.50933 4.53752 0 -1
0 0 4.53956 0 -1
-2.39414 -4.50933 4.54161 0 -1
0 0 4.54365 0 -1
-2.39414 -4.50933 4.5457 0 -1
0 0 4.54774 0 -1
0 0 4.54979 0 -1
-2.39414 -4.50933 4.55183 0 -1
0 0 4.55388 0 -1
-2.39414 -4.50933 4.55592 0 -1
0 0 4.55797 0 -1
-2.39414 -4.50933 4.56001 0 -1
0 0 4.56206 0 -1
0 0 4.5641 0 -1
-2.39414 -4.50933 4.56615 0 -1
0 0 4.56819 0 -1
-2.39414 -4.50933 4.57024 0 -1
0 0 4.57229 0 -1
-2.39414 -4.50933 4.57433 0 -1
0 0 4.57638 0 -1
-2.39414 -4.50933 4.57842 0 -1
0 0 4.58047 0 -1
0 0 4.58251 0 -1
-2.39414 -4.50933 4.58456 0 -1
0 0 4.5866 0 -1
-2.39414 -4.50933 4.58865 0 -1
0 0 4.59069 0 -1
-2.39414 -4.50933 4.59274 0 -1
0 0 4.59478 0 -1
0 0 4.59683 0 -1
-2.39414 -4.50933 4.59887 0 -1
0 0 4.60092 0 -1
-2.39414 -4.50933 4.60296 0 -1
0 0 4.60501 0 -1
-2.39414 -4.50933 4.60706 0 -1
0 0 4.6091 0 -1
-2.39414 -4.50933 4.61115 0 -1
0 0 4.61319 0 -1
0 0 4.61524 0 -1
-2.39414 -4.50933 4.61728 0 -1
0 0 4.61933 0 -1
-2.39414 -4.50933 4.62137 0 -1
0 0 4.62342 0 -1
-2.39414 -4.50933 4.62546 0 -1
0 0 4.62751 0 -1
0 0 4.62955 0 -1
-2.39414 -4.50933 4.6316 0 -1
0 0 4.63364 0 -1
-2.39414 -4.50933 4.63569 0 -1
0 0 4.63774 0 -1
-2.39414 -4.50933 4.63978 0 -1
0 0 4.64183 0 -1
0 0 4.64387 0 -1
-2.39414 -4.50933 4.64592 0 -1
0 0 4.64796 0 -1
-2.39414 -4.50933 4.65001 0 -1
0 0 4.65205 0 -1
-2.39414 -4.50933 4.6541 0 -1
0 0 4.65614 0 -1
-2.39414 -4.50933 4.65819 0 -1
0 0 4.66023 0 -1
0 0 4.66228 0 -1
-2.39414 -4.50933 4.66432 0 -1
0 0 4.66637 0 -1
-2.39414 -4.50933 4.66842 0 -1
0 0 4.67046 0 -1
-2.39414 -4.50933 4.67251 0 -1
0 0 4.67455 0 -1
0 0 4.6766 0 -1
-2.39414 -4.50933 4.67864 0 -1
0 0 4.68069 0 -1
-2.39414 -4.50933 4.68273 0 -1
0 0 4.68478 0 -1
-2.39414 -4.50933 4.68682 0 -1
0 0 4.68887 0 -1
-2.39414 -4.50933 4.69091 0 -1
0 0 4.69296 0 -1
0 0 4.695 0 -1
-2.39414 -4.50933 4.69705 0 -1
0 0 4.69909 0 -1
-2.39414 -4.50933 4.70114 0 -1
0 0 4.70319 0 -1
-2.39414 -4.50933 4.70523 0 -1
0 0 4.70728 0 -1
0 0 4.70932 0 -1
-2.39414 -4.50933 4.71137 0 -1
0 0 4.71341 0 -1
-2.39414 -4.50933 4.71546 0 -1
0 0 4.7175 0 -1
-2.39414 -4.50933 4.71955 0 -1
0 0 4.72159 0 -1
0 0 4.72364 0 -1
-2.39414 -4.50933 4.72568 0 -1
0 0 4.72773 0 -1
-2.39414 -4.50933 4.72977 0 -1
0 0 4.73182 0 -1
-2.39414 -4.50933 4.73386 0 -1
0 0 4.73591 0 -1
-2.39414 -4.50933 4.73796 0 -1
0 0 4.74 0 -1
0 0 4.74205 0 -1
-2.39414 -4.50933 4.74409 0 -1
0 0 4.74614 0 -1
-2.39414 -4.50933 4.74818 0 -1
0 0 4.75023 0 -1
-2.39414 -4.50933 4.75227 0 -1
0 0 4.75432 0 -1
0 0 4.75636 0 -1
-2.39414 -4.50933 4.75841 0 -1
0 0 4.76045 0 -1
-2.39414 -4.50933 4.7625 0 -1
0 0 4.76454 0 -1
-2.39414 -4.50933 4.76659 0 -1
0 0 4.76863 0 -1
0 0 4.77068 0 -1
-2.39414 -4.50933 4.77273 0 -1
0 0 4.77477 0 -1
-2.39414 -4.50933 4.77682 0 -1
0 0 4.77886 0 -1
-2.39414 -4.50933 4.78091 0 -1
0 0 4.78295 0 -1
-2.39414 -4.50933 4.785 0 -1
0 0 4.78704 0 -1
0 0 4.78909 0 -1
-2.39414 -4.50933 4.79113 0 -1
0 0 4.79318 0 -1
-2.39414 -4.50933 4.79522 0 -1
0 0 4.79727 0 -1
-2.39414 -4.50933 4.79931 0 -1
0 0 4.80136 0 -1
0 0 4.80341 0 -1
-2.39414 -4.50933 4.80545 0 -1
0 0 4.8075 0 -1
-2.39414 -4.50933 4.80954 0 -1
0 0 4.81159 0 -1
-2.39414 -4.50933 4.81363 0 -1
0 0 4.81568 0 -1
-2.39414 -4.50933 4.81772 0 -1
0 0 4.81977 0 -1
0 0 4.82181 0 -1
-2.39414 -4.50933 4.82386 0 -1
0 0 4.8259 0 -1
-2.39414 -4.50933 4.82795 0 -1
0 0 4.82999 0 -1
-2.39414 -4.50933 4.83204 0 -1
0 0 4.83408 0 -1
0 0 4.83613 0 -1
-2.39414 -4.50933 4.83818 0 -1
0 0 4.84022 0 -1
-2.39414 -4.50933 4.84227 0 -1
0 0 4.84431 0 -1
-2.39414 -4.50933 4.84636 0 -1
0 0 4.8484 0 -1
0 0 4.85045 0 -1
-2.39414 -4.50933 4.85249 0 -1
0 0 4.85454 0 -1
-2.39414 -4.50933 4.85658 0 -1
0 0 4.85863 0 -1
-2.39414 -4.50933 4.86067 0 -1
0 0 4.86272 0 -1
-2.39414 -4.50933 4.86476 0 -1
0 0 4.86681 0 -1
0 0 4.86885 0 -1
-2.39414 -4.50933 4.8709 0 -1
0 0 4.87295 0 -1
-2.39414 -4.50933 4.87499 0 -1
0 0 4.87704 0 -1
-2.39414 -4.50933 4.87908 0 -1
0 0 4.88113 0 -1
0 0 4.88317 0 -1
-2.39414 -4.50933 4.88522 0 -1
0 0 4.88726 0 -1
-2.39414 -4.50933 4.88931 0 -1
0 0 4.89135 0 -1
-2.39414 -4.50933 4.8934 0 -1
0 0 4.89544 0 -1
0 0 4.89749 0 -1
-2.39414 -4.50933 4.89953 0 -1
0 0 4.90158 0 -1
-2.39414 -4.50933 4.90363 0 -1
0 0 4.90567 0 -1
-2.39414 -4.50933 4.90772 0 -1
0 0 4.90976 0 -1
-2.39414 -4.50933 4.91181 0 -1
0 0 4.91385 0 -1
0 0 4.9159 0 -1
-2.39414 -4.50933 4.91794 0 -1
0 0 4.91999 0 -1
-2.39414 -4.50933 4.92203 0 -1
0 0 4.92408 0 -1
-2.39414 -4.50933 4.92612 0 -1
0 0 4.92817 0 -1
0 0 4.93021 0 -1
-2.39414 -4.50933 4.93226 0 -1
0 0 4.9343 0 -1
-2.39414 -4.50933 4.93635 0 -1
0 0 4.9384 0 -1
-2.39414 -4.50933 4.94044 0 -1
0 0 4.94249 0 -1
-2.39414 -4.50933 4.94453 0 -1
0 0 4.94658 0 -1
0 0 4.94862 0 -1
-2.39414 -4.50933 4.95067 0 -1
0 0 4.95271 0 -1
-2.39414 -4.50933 4.95476 0 -1
0 0 4.9568 0 -1
-2.39414 -4.50933 4.95885 0 -1
0 0 4.96089 0 -1
0 0 4.96294 0 -1
-2.39414 -4.50933 4.96498 0 -1
0 0 4.96703 0 -1
-2.39414 -4.50933 4.96908 0 -1
0 0 4.97112 0 -1
-2.39414 -4.50933 4.97317 0 -1
0 0 4.97521 0 -1
0 0 4.97726 0 -1
-2.39414 -4.50933 4.9793 0 -1
0 0 4.98135 0 -1
-2.39414 -4.50933 4.98339 0 -1
0 0 4.98544 0 -1
-2.39414 -4.50933 4.98748 0 -1
0 0 4.98953 0 -1
-2.39414 -4.50933 4.99157 0 -1
0 0 4.99362 0 -1
0 0 4.99566 0 -1
-2.39414 -4.50933 4.99771 0 -1
0 0 4.99975 0 -1
-2.39414 -4.50933 5.0018 0 -1
0 0 5.00385 0 -1
-2.39414 -4.50933 5.00589 0 -1
0 0 5.00794 0 -1
0 0 5.00998 0 -1
-2.39414 -4.50933 5.01203 0 -1
0 0 5.01407 0 -1
-2.39414 -4.50933 5.01612 0 -1
0 0 5.01816 0 -1
-2.39414 -4.50933 5.02021 0 -1
0 0 5.02225 0 -1
-2.39414 -4.50933 5.0243 0 -1
0 0 5.02634 0 -1
0 0 5.02839 0 -1
-2.39414 -4.50933 5.03043 0 -1
0 0 5.03248 0 -1
-2.39414 -4.50933 5.03452 0 -1
0 0 5.03657 0 -1
-2.39414 -4.50933 5.03862 0 -1
0 0 5.04066 0 -1
0 0 5.04271 0 -1
-2.39414 -4.50933 5.04475 0 -1
0 0 5.0468 0 -1
-2.39414 -4.50933 5.04884 0 -1
0 0 5.05089 0 -1
-2.39414 -4.50933 5.05293 0 -1
0 0 5.05498 0 -1
0 0 5.05702 0 -1
-2.39414 -4.50933 5.05907 0 -1
0 0 5.06111 0 -1
-2.39414 -4.50933 5.06316 0 -1
0 0 5.0652 0 -1
-2.39414 -4.50933 5.06725 0 -1
0 0 5.0693 0 -1
-2.39414 -4.50933 5.07134 0 -1
0 0 5.07339 0 -1
0 0 5.07543 0 -1
-2.39414 -4.50933 5.07748 0 -1
0 0 5.07952 0 -1
-2.39414 -4.50933 5.08157 0 -1
0 0 5.08361 0 -1
-2.39414 -4.50933 5.08566 0 -1
0 0 5.0877 0 -1
0 0 5.08975 0 -1
-2.39414 -4.50933 5.09179 0 -1
0 0 5.09384 0 -1
-2.39414 -4.50933 5.09588 0 -1
0 0 5.09793 0 -1
-2.39414 -4.50933 5.09997 0 -1
0 0 5.10202 0 -1
0 0 5.10407 0 -1
-2.39414 -4.50933 5.10611 0 -1
0 0 5.10816 0 -1
-2.39414 -4.50933 5.1102 0 -1
-6.54042 6.00281 5.11225 8.87755 10
-8.16709 3.47988 5.11429 8.87755 10
-6.42199 6.00624 5.11634 8.793 10
-8.07303 3.4847 5.11838 8.793 10
-6.30408 6.00798 5.12043 8.70845 10
-6.27579 6.03752 5.12247 8.70845 10
-7.9791 3.48871 5.12452 8.70845 10
-6.15842 6.03702 5.12656 8.6239 10
-7.88532 3.49191 5.12861 8.6239 10
-6.04162 6.03486 5.13065 8.53936 10
-7.79168 3.49432 5.1327 8.53936 10
-5.9254 6.03104 5.13475 8.45481 10
-5.89701 6.0588 5.13679 8.45481 10
-7.6982 3.49592 5.13884 8.45481 10
-5.78143 6.05279 5.14088 8.37026 10
-7.60488 3.49672 5.14293 8.37026 10
-5.66649 6.04515 5.14497 8.28571 10
-7.51172 3.49672 5.14702 8.28571 10
-5.55221 6.03589 5.14906 8.20116 10
-7.41873 3.49592 5.15111 8.20116 10
-5.43862 6.02502 5.15315 8.11661 10
-5.41025 6.0505 5.1552 8.11661 10
-7.32591 3.49433 5.15724 8.11661 10
-5.3253 6.06928 5.15929 8.07434 10
-7.27135 3.51032 5.16133 8.07434 10
-5.21288 6.05496 5.16338 7.98979 10
-7.17881 3.50733 5.16542 7.98979 10
-5.10122 6.03907 5.16747 7.90524 10
-5.07279 6.06297 5.16952 7.90524 10
-7.08647 3.50354 5.17156 7.90524 10
-4.96197 6.045 5.17361 7.82069 10
-6.99432 3.49896 5.17565 7.82069 10
-4.87845 6.05843 5.1777 7.77842 10
-6.94009 3.51268 5.17974 7.77842 10
-4.76891 6.03764 5.18179 7.69387 10
-4.7405 6.05998 5.18383 7.69387 10
-6.84826 3.5067 5.18588 7.69387 10
-4.65763 6.0707 5.18792 7.6516 10
-6.79417 3.51939 5.18997 7.6516 10
-4.54956 6.04663 5.19201 7.56705 10
-6.70268 3.51202 5.19406 7.56705 10
-4.44236 6.02107 5.1961 7.4825 10
-6.6114 3.50387 5.19815 7.4825 10
-4.36083 6.02828 5.20019 7.44023 10
-4.33246 6.0487 5.20224 7.44023 10
-6.55761 3.51492 5.20429 7.44023 10
-4.22687 6.01993 5.20633 7.35568 10
-6.4667 3.50539 5.20838 7.35568 10
-4.14616 6.02455 5.21042 7.3134 10
-6.41309 3.51541 5.21247 7.3134 10
-4.06575 6.02819 5.21451 7.27113 10
-4.03738 6.04722 5.21656 7.27113 10
-6.35954 3.525 5.2186 7.27113 10
-3.93412 6.01412 5.22065 7.18658 10
-6.26916 3.51349 5.22269 7.18658 10
-3.85463 6.01522 5.22474 7.14431 10
-6.2158 3.52206 5.22678 7.14431 10
-3.77548 6.01537 5.22883 7.10203 10
-3.74719 6.03303 5.23087 7.10203 10
-6.16251 3.53021 5.23292 7.10203 10
-3.64642 5.99573 5.23497 7.01749 10
-6.07269 3.51674 5.23701 7.01749 10
-3.5683 5.9934 5.23906 6.97521 10
-6.01963 3.52387 5.2411 6.97521 10
-3.49056 5.99013 5.24315 6.93294 10
-5.96663 3.53058 5.24519 6.93294 10
-3.39225 5.94921 5.24724 6.84839 10
-3.36427 5.96508 5.24928 6.84839 10
-5.87742 3.51517 5.25133 6.84839 10
-3.28767 5.9594 5.25337 6.80612 10
-5.82466 3.52087 5.25542 6.80612 10
-3.21146 5.95282 5.25746 6.76384 10
-5.77199 3.52615 5.25951 6.76384 10
-3.13568 5.94533 5.26155 6.72157 10
-3.10772 5.96 5.2636 6.72157 10
-5.71939 3.53102 5.26564 6.72157 10
-3.0324 5.95126 5.26769 6.67929 10
-5.66687 3.53546 5.26974 6.67929 10
-2.95752 5.94164 5.27178 6.63702 10
-5.61444 3.5395 5.27383 6.63702 10
-2.86462 5.89312 5.27587 6.55247 10
-5.52645 3.52041 5.27792 6.55247 10
-2.791 5.88158 5.27996 6.5102 10
-2.76335 5.89462 5.28201 6.5102 10
-5.4743 3.52345 5.28405 6.5102 10
-2.69026 5.88188 5.2861 6.46792 10
-5.42225 3.52608 5.28814 6.46792 10
-2.61767 5.86829 5.29019 6.42565 10
-5.3703 3.52829 5.29223 6.42565 10
-2.54557 5.85385 5.29428 6.38338 10
-2.51804 5.86574 5.29632 6.38338 10
-5.31845 3.5301 5.29837 6.38338 10
-2.44652 5.85014 5.30042 6.3411 10
-5.2667 3.5315 5.30246 6.3411 10
-2.37551 5.83371 5.30451 6.29883 10
-5.21505 3.53249 5.30655 6.29883 10
-2.30503 5.81647 5.3086 6.25655 10
-2.27768 5.82723 5.31064 6.25655 10
-5.16351 3.53308 5.31269 6.25655 10
-2.20782 5.80885 5.31473 6.21428 10
-5.11208 3.53325 5.31678 6.21428 10
-2.13851 5.78968 5.31882 6.17201 10
-5.06077 3.53303 5.32087 6.17201 10
-2.06975 5.76972 5.32291 6.12973 10
-5.00957 3.5324 5.32496 6.12973 10
-2.00156 5.74899 5.327 6.08746 10
-1.97453 5.75833 5.32905 6.08746 10
-4.95849 3.53137 5.33109 6.08746 10
-1.90701 5.73651 5.33314 6.04518 10
-4.90752 3.52994 5.33519 6.04518 10
-1.85304 5.75417 5.33723 6.04518 10
-4.89089 3.55295 5.33928 6.04518 10
-1.78633 5.73097 5.34132 6.00291 10
-1.75939 5.73929 5.34337 6.00291 10
-4.84006 3.55088 5.34541 6.00291 10
-1.69338 5.71503 5.34746 5.96064 10
-4.78936 3.54841 5.3495 5.96064 10
-1.62799 5.69005 5.35155 5.91836 10
-4.7388 3.54554 5.35359 5.91836 10
-1.56322 5.66434 5.35564 5.87609 10
-1.53659 5.67162 5.35768 5.87609 10
-4.68836 3.54227 5.35973 5.87609 10
-1.47258 5.6449 5.36177 5.83381 10
-4.63806 3.53861 5.36382 5.83381 10
-1.4092 5.61748 5.36586 5.79154 10
-4.5879 3.53456 5.36791 5.79154 10
-1.35637 5.63047 5.36996 5.79154 10
-4.57125 3.55607 5.372 5.79154 10
-1.2939 5.60177 5.37405 5.74927 10
-1.26757 5.60779 5.37609 5.74927 10
-4.52125 3.55139 5.37814 5.74927 10
-1.2059 5.57813 5.38018 5.70699 10
-4.4714 3.54632 5.38223 5.70699 10
-1.1449 5.54781 5.38427 5.66472 10
-4.42169 3.54086 5.38632 5.66472 10
-1.09274 5.55832 5.38836 5.66472 10
-1.06662 5.56339 5.39041 5.66472 10
-4.40501 3.56159 5.39245 5.66472 10
-1.00674 5.53158 5.3945 5.62244 10
-4.35548 3.55551 5.39654 5.62244 10
-0.947547 5.49913 5.39859 5.58017 10
-4.30611 3.54904 5.40064 5.58017 10
-0.889062 5.46606 5.40268 5.5379 10
-4.2569 3.54219 5.40473 5.5379 10
-0.837672 5.47417 5.40677 5.5379 10
-0.811952 5.47805 5.40882 5.5379 10
-4.24022 3.56214 5.41086 5.5379 10
-0.754647 5.44356 5.41291 5.49562 10
-4.1912 3.55468 5.41495 5.49562 10
-0.698068 5.40848 5.417 5.45335 10
-4.14234 3.54683 5.41904 5.45335 10
-0.647227 5.4148 5.42109 5.45335 10
-0.621788 5.41778 5.42313 5.45335 10
-4.12564 3.56625 5.42518 5.45335 10
-0.566438 5.38134 5.42722 5.41107 10
-4.07699 3.55779 5.42927 5.41107 10
-0.511832 5.34435 5.43131 5.3688 10
-4.02851 3.54895 5.43336 5.3688 10
-0.461602 5.34892 5.43541 5.3688 10
-0.436474 5.35103 5.43745 5.3688 10
-4.0118 3.56784 5.4395 5.3688 10
-0.383144 5.31273 5.44154 5.32653 10
-3.96354 3.5584 5.44359 5.32653 10
-0.330572 5.2739 5.44563 5.28425 10
-3.91546 3.54859 5.44768 5.28425 10
-0.281017 5.27677 5.44972 5.28425 10
-3.89875 3.56694 5.45177 5.28425 10
-0.22958 5.23695 5.45381 5.24198 10
-0.204981 5.23797 5.45586 5.24198 10
-3.85089 3.55654 5.4579 5.24198 10
-0.154507 5.19741 5.45995 5.1997 10
-3.80322 3.54576 5.46199 5.1997 10
-0.105678 5.19863 5.46404 5.1997 10
-3.78653 3.56358 5.46608 5.1997 10
-0.0572972 5.24166 5.46813 5.24198 10
-0.0326777 5.24188 5.47018 5.24198 10
-3.8004 3.61045 5.47222 5.24198 10
0.0165687 5.24195 5.47427 5.24198 10
-3.7834 3.62826 5.47631 5.24198 10
0.0663393 5.28383 5.47836 5.28425 10
-3.79669 3.67539 5.4804 5.28425 10
0.116903 5.32524 5.48245 5.32653 10
-3.80961 3.72273 5.48449 5.32653 10
0.166926 5.32391 5.48654 5.32653 10
0.19193 5.32307 5.48858 5.32653 10
-3.79209 3.74058 5.49063 5.32653 10
0.243849 5.36326 5.49267 5.3688 10
-3.80443 3.78818 5.49472 5.3688 10
0.294218 5.36073 5.49676 5.3688 10
-3.78659 3.80601 5.49881 5.3688 10
0.34728 5.39992 5.50085 5.41107 10
0.372638 5.39823 5.5029 5.41107 10
-3.79835 3.85386 5.50495 5.41107 10
0.426643 5.43663 5.50699 5.45335 10
-3.80974 3.90191 5.50904 5.45335 10
0.477694 5.43238 5.51108 5.45335 10
-3.79137 3.91976 5.51313 5.45335 10
0.532805 5.46973 5.51517 5.49562 10
0.55849 5.46717 5.51722 5.49562 10
-3.80216 3.96805 5.51926 5.49562 10
0.614518 5.5037 5.52131 5.5379 10
-3.81259 4.01652 5.52335 5.5379 10
0.66619 5.49768 5.5254 5.5379 10
-3.79368 4.03439 5.52744 5.5379 10
0.723288 5.53309 5.52949 5.58017 10
-3.8035 4.08309 5.53153 5.58017 10
0.78111 5.56792 5.53358 5.62244 10
0.807253 5.56419 5.53563 5.62244 10
-3.81295 4.13198 5.53767 5.62244 10
0.859484 5.55636 5.53972 5.62244 10
-3.7935 4.14985 5.54176 5.62244 10
0.9185 5.58976 5.54381 5.66472 10
-3.80234 4.19896 5.54585 5.66472 10
0.978219 5.62253 5.5479 5.70699 10
1.00462 5.61787 5.54994 5.70699 10
-3.8108 4.24824 5.55199 5.70699 10
1.06518 5.64973 5.55403 5.74927 10
-3.81889 4.29769 5.55608 5.74927 10
1.11821 5.63947 5.55812 5.74927 10
-3.79866 4.31558 5.56017 5.74927 10
1.17975 5.67011 5.56221 5.79154 10
1.20637 5.6645 5.56426 5.79154 10
-3.80613 4.36524 5.56631 5.79154 10
1.26872 5.69418 5.56835 5.83381 10
-3.81321 4.41506 5.5704 5.83381 10
1.33173 5.72319 5.57244 5.87609 10
-3.81991 4.46505 5.57449 5.87609 10
1.38544 5.71042 5.57653 5.87609 10
-3.7989 4.48294 5.57858 5.87609 10
1.44938 5.73814 5.58062 5.91836 10
1.47632 5.73127 5.58267 5.91836 10
-3.80498 4.53312 5.58471 5.91836 10
0 0 5.58676 0 -1
-2.39414 -4.50933 5.5888 0 -1
0 0 5.59085 0 -1
-2.39414 -4.50933 5.59289 0 -1
0 0 5.59494 0 -1
0 0 5.59698 0 -1
-2.39414 -4.50933 5.59903 0 -1
0 0 5.60108 0 -1
-2.39414 -4.50933 5.60312 0 -1
0 0 5.60517 0 -1
-2.39414 -4.50933 5.60721 0 -1
0 0 5.60926 0 -1
-2.39414 -4.50933 5.6113 0 -1
0 0 5.61335 0 -1
0 0 5.61539 0 -1
-2.39414 -4.50933 5.61744 0 -1
0 0 5.61948 0 -1
-2.39414 -4.50933 5.62153 0 -1
0 0 5.62357 0 -1
-2.39414 -4.50933 5.62562 0 -1
0 0 5.62766 0 -1
0 0 5.62971 0 -1
-2.39414 -4.50933 5.63175 0 -1
0 0 5.6338 0 -1
-2.39414 -4.50933 5.63585 0 -1
0 0 5.63789 0 -1
-2.39414 -4.50933 5.63994 0 -1
0 0 5.64198 0 -1
0 0 5.64403 0 -1
-2.39414 -4.50933 5.64607 0 -1
0 0 5.64812 0 -1
-2.39414 -4.50933 5.65016 0 -1
0 0 5.65221 0 -1
-2.39414 -4.50933 5.65425 0 -1
0 0 5.6563 0 -1
-2.39414 -4.50933 5.65834 0 -1
0 0 5.66039 0 -1
0 0 5.66243 0 -1
-2.39414 -4.50933 5.66448 0 -1
0 0 5.66652 0 -1
-2.39414 -4.50933 5.66857 0 -1
0 0 5.67062 0 -1
-2.39414 -4.50933 5.67266 0 -1
0 0 5.67471 0 -1
0 0 5.67675 0 -1
-2.39414 -4.50933 5.6788 0 -1
0 0 5.68084 0 -1
-2.39414 -4.50933 5.68289 0 -1
0 0 5.68493 0 -1
-2.39414 -4.50933 5.68698 0 -1
0 0 5.68902 0 -1
0 0 5.69107 0 -1
-2.39414 -4.50933 5.69311 0 -1
0 0 5.69516 0 -1
-2.39414 -4.50933 5.6972 0 -1
0 0 5.69925 0 -1
-2.39414 -4.50933 5.7013 0 -1
0 0 5.70334 0 -1
-2.39414 -4.50933 5.70539 0 -1
0 0 5.70743 0 -1
0 0 5.70948 0 -1
-2.39414 -4.50933 5.71152 0 -1
0 0 5.71357 0 -1
-2.39414 -4.50933 5.71561 0 -1
0 0 5.71766 0 -1
-2.39414 -4.50933 5.7197 0 -1
0 0 5.72175 0 -1
0 0 5.72379 0 -1
-2.39414 -4.50933 5.72584 0 -1
0 0 5.72788 0 -1
-2.39414 -4.50933 5.72993 0 -1
0 0 5.73198 0 -1
-2.39414 -4.50933 5.73402 0 -1
0 0 5.73607 0 -1
-2.39414 -4.50933 5.73811 0 -1
0 0 5.74016 0 -1
0 0 5.7422 0 -1
-2.39414 -4.50933 5.74425 0 -1
0 0 5.74629 0 -1
-2.39414 -4.50933 5.74834 0 -1
0 0 5.75038 0 -1
-2.39414 -4.50933 5.75243 0 -1
0 0 5.75447 0 -1
0 0 5.75652 0 -1
-2.39414 -4.50933 5.75856 0 -1
0 0 5.76061 0 -1
-2.39414 -4.50933 5.76265 0 -1
0 0 5.7647 0 -1
-2.39414 -4.50933 5.76675 0 -1
0 0 5.76879 0 -1
0 0 5.77084 0 -1
-2.39414 -4.50933 5.77288 0 -1
0 0 5.77493 0 -1
-2.39414 -4.50933 5.77697 0 -1
0 0 5.77902 0 -1
-2.39414 -4.50933 5.78106 0 -1
0 0 5.78311 0 -1
-2.39414 -4.50933 5.78515 0 -1
0 0 5.7872 0 -1
0 0 5.78924 0 -1
-2.39414 -4.50933 5.79129 0 -1
0 0 5.79333 0 -1
-2.39414 -4.50933 5.79538 0 -1
0 0 5.79742 0 -1
-2.39414 -4.50933 5.79947 0 -1
0 0 5.80152 0 -1
0 0 5.80356 0 -1
-2.39414 -4.50933 5.80561 0 -1
0 0 5.80765 0 -1
-2.39414 -4.50933 5.8097 0 -1
0 0 5.81174 0 -1
-2.39414 -4.50933 5.81379 0 -1
0 0 5.81583 0 -1
-2.39414 -4.50933 5.81788 0 -1
0 0 5.81992 0 -1
0 0 5.82197 0 -1
-2.39414 -4.50933 5.82401 0 -1
0 0 5.82606 0 -1
-2.39414 -4.50933 5.8281 0 -1
0 0 5.83015 0 -1
-2.39414 -4.50933 5.83219 0 -1
0 0 5.83424 0 -1
0 0 5.83629 0 -1
-2.39414 -4.50933 5.83833 0 -1
0 0 5.84038 0 -1
-2.39414 -4.50933 5.84242 0 -1
0 0 5.84447 0 -1
-2.39414 -4.50933 5.84651 0 -1
0 0 5.84856 0 -1
0 0 5.8506 0 -1
-2.39414 -4.50933 5.85265 0 -1
0 0 5.85469 0 -1
-2.39414 -4.50933 5.85674 0 -1
0 0 5.85878 0 -1
-2.39414 -4.50933 5.86083 0 -1
0 0 5.86287 0 -1
-2.39414 -4.50933 5.86492 0 -1
0 0 5.86697 0 -1
0 0 5.86901 0 -1
-2.39414 -4.50933 5.87106 0 -1
0 0 5.8731 0 -1
-2.39414 -4.50933 5.87515 0 -1
0 0 5.87719 0 -1
-2.39414 -4.50933 5.87924 0 -1
0 0 5.88128 0 -1
0 0 5.88333 0 -1
-2.39414 -4.50933 5.88537 0 -1
0 0 5.88742 0 -1
-2.39414 -4.50933 5.88946 0 -1
0 0 5.89151 0 -1
-2.39414 -4.50933 5.89355 0 -1
0 0 5.8956 0 -1
0 0 5.89764 0 -1
-2.39414 -4.50933 5.89969 0 -1
0 0 5.90174 0 -1
-2.39414 -4.50933 5.90378 0 -1
0 0 5.90583 0 -1
-2.39414 -4.50933 5.90787 0 -1
0 0 5.90992 0 -1
-2.39414 -4.50933 5.91196 0 -1
0 0 5.91401 0 -1
0 0 5.91605 0 -1
-2.39414 -4.50933 5.9181 0 -1
0 0 5.92014 0 -1
-2.39414 -4.50933 5.92219 0 -1
0 0 5.92423 0 -1
-2.39414 -4.50933 5.92628 0 -1
0 0 5.92832 0 -1
0 0 5.93037 0 -1
-2.39414 -4.50933 5.93242 0 -1
0 0 5.93446 0 -1
-2.39414 -4.50933 5.93651 0 -1
0 0 5.93855 0 -1
-2.39414 -4.50933 5.9406 0 -1
0 0 5.94264 0 -1
-2.39414 -4.50933 5.94469 0 -1
0 0 5.94673 0 -1
0 0 5.94878 0 -1
-2.39414 -4.50933 5.95082 0 -1
0 0 5.95287 0 -1
-2.39414 -4.50933 5.95491 0 -1
0 0 5.95696 0 -1
-2.39414 -4.50933 5.959 0 -1
0 0 5.96105 0 -1
0 0 5.96309 0 -1
-2.39414 -4.50933 5.96514 0 -1
0 0 5.96719 0 -1
-2.39414 -4.50933 5.96923 0 -1
0 0 5.97128 0 -1
-2.39414 -4.50933 5.97332 0 -1
0 0 5.97537 0 -1
0 0 5.97741 0 -1
-2.39414 -4.50933 5.97946 0 -1
0 0 5.9815 0 -1
-2.39414 -4.50933 5.98355 0 -1
0 0 5.98559 0 -1
-2.39414 -4.50933 5.98764 0 -1
0 0 5.98968 0 -1
-2.39414 -4.50933 5.99173 0 -1
0 0 5.99377 0 -1
0 0 5.99582 0 -1
-2.39414 -4.50933 5.99786 0 -1
0 0 5.99991 0 -1
-2.39414 -4.50933 6.00196 0 -1
0 0 6.004 0 -1
-2.39414 -4.50933 6.00605 0 -1
0 0 6.00809 0 -1
0 0 6.01014 0 -1
-2.39414 -4.50933 6.01218 0 -1
0 0 6.01423 0 -1
-2.39414 -4.50933 6.01627 0 -1
0 0 6.01832 0 -1
-2.39414 -4.50933 6.02036 0 -1
0 0 6.02241 0 -1
0 0 6.02445 0 -1
-2.39414 -4.50933 6.0265 0 -1
0 0 6.02854 0 -1
-2.39414 -4.50933 6.03059 0 -1
0 0 6.03264 0 -1
-2.39414 -4.50933 6.03468 0 -1
0 0 6.03673 0 -1
-2.39414 -4.50933 6.03877 0 -1
0 0 6.04082 0 -1
0 0 6.04286 0 -1
-2.39414 -4.50933 6.04491 0 -1
0 0 6.04695 0 -1
-2.39414 -4.50933 6.049 0 -1
0 0 6.05104 0 -1
-2.39414 -4.50933 6.05309 0 -1
0 0 6.05513 0 -1
0 0 6.05718 0 -1
-2.39414 -4.50933 6.05922 0 -1
0 0 6.06127 0 -1
-2.39414 -4.50933 6.06331 0 -1
0 0 6.06536 0 -1
-2.39414 -4.50933 6.06741 0 -1
0 0 6.06945 0 -1
-2.39414 -4.50933 6.0715 0 -1
0 0 6.07354 0 -1
0 0 6.07559 0 -1
-2.39414 -4.50933 6.07763 0 -1
0 0 6.07968 0 -1
-2.39414 -4.50933 6.08172 0 -1
0 0 6.08377 0 -1
-2.39414 -4.50933 6.08581 0 -1
0 0 6.08786 0 -1
0 0 6.0899 0 -1
-2.39414 -4.50933 6.09195 0 -1
0 0 6.09399 0 -1
-2.39414 -4.50933 6.09604 0 -1
0 0 6.09808 0 -1
-2.39414 -4.50933 6.10013 0 -1
0 0 6.10218 0 -1
0 0 6.10422 0 -1
-2.39414 -4.50933 6.10627 0 -1
0 0 6.10831 0 -1
-2.39414 -4.50933 6.11036 0 -1
0 0 6.1124 0 -1
-2.39414 -4.50933 6.11445 0 -1
0 0 6.11649 0 -1
-2.39414 -4.50933 6.11854 0 -1
0 0 6.12058 0 -1
0 0 6.12263 0 -1
-2.39414 -4.50933 6.12467 0 -1
0 0 6.12672 0 -1
-2.39414 -4.50933 6.12876 0 -1
0 0 6.13081 0 -1
-2.39414 -4.50933 6.13286 0 -1
0 0 6.1349 0 -1
0 0 6.13695 0 -1
-2.39414 -4.50933 6.13899 0 -1
0 0 6.14104 0 -1
-2.39414 -4.50933 6.14308 0 -1
0 0 6.14513 0 -1
-2.39414 -4.50933 6.14717 0 -1
0 0 6.14922 0 -1
-2.39414 -4.50933 6.15126 0 -1
0 0 6.15331 0 -1
0 0 6.15535 0 -1
-2.39414 -4.50933 6.1574 0 -1
0 0 6.15944 0 -1
-2.39414 -4.50933 6.16149 0 -1
0 0 6.16353 0 -1
-2.39414 -4.50933 6.16558 0 -1
0 0 6.16763 0 -1
0 0 6.16967 0 -1
-2.39414 -4.50933 6.17172 0 -1
0 0 6.17376 0 -1
-2.39414 -4.50933 6.17581 0 -1
0 0 6.17785 0 -1
-2.39414 -4.50933 6.1799 0 -1
0 0 6.18194 0 -1
0 0 6.18399 0 -1
-2.39414 -4.50933 6.18603 0 -1
0 0 6.18808 0 -1
-2.39414 -4.50933 6.19012 0 -1
0 0 6.19217 0 -1
-2.39414 -4.50933 6.19421 0 -1
0 0 6.19626 0 -1
-2.39414 -4.50933 6.19831 0 -1
0 0 6.20035 0 -1
0 0 6.2024 0 -1
-2.39414 -4.50933 6.20444 0 -1
0 0 6.20649 0 -1
-2.39414 -4.50933 6.20853 0 -1
0 0 6.21058 0 -1
-2.39414 -4.50933 6.21262 0 -1
0 0 6.21467 0 -1
0 0 6.21671 0 -1
-2.39414 -4.50933 6.21876 0 -1
0 0 6.2208 0 -1
-2.39414 -4.50933 6.22285 0 -1
0 0 6.22489 0 -1
-2.39414 -4.50933 6.22694 0 -1
0 0 6.22898 0 -1
0 0 6.23103 0 -1
-2.39414 -4.50933 6.23308 0 -1
0 0 6.23512 0 -1
-2.39414 -4.50933 6.23717 0 -1
0 0 6.23921 0 -1
-2.39414 -4.50933 6.24126 0 -1
0 0 6.2433 0 -1
-2.39414 -4.50933 6.24535 0 -1
0 0 6.24739 0 -1
0 0 6.24944 0 -1
-2.39414 -4.50933 6.25148 0 -1
0 0 6.25353 0 -1
-2.39414 -4.50933 6.25557 0 -1
0 0 6.25762 0 -1
-2.39414 -4.50933 6.25966 0 -1
0 0 6.26171 0 -1
0 0 6.26375 0 -1
-2.39414 -4.50933 6.2658 0 -1
0 0 6.26785 0 -1
-2.39414 -4.50933 6.26989 0 -1
0 0 6.27194 0 -1
-2.39414 -4.50933 6.27398 0 -1
0 0 6.27603 0 -1
-2.39414 -4.50933 6.27807 0 -1
-2.39414 -4.50933 6.28012 0 -1
-2.39414 -4.50933 6.28216 0 -1
