0 4.2274 0.00102265 4.2274 10
0.0162821 3.46643 0.00306796 3.46647 10
0.0162821 3.46643 0.00511327 3.46647 10
0.0411015 2.91662 0.00715858 2.91691 10
0.054801 2.91639 0.00920388 2.91691 10
0.0274019 2.91678 0.0112492 2.91691 10
0.071475 2.53543 0.0132945 2.53644 10
0.0357409 2.53619 0.0153398 2.53644 10
0.0841732 2.23894 0.0173851 2.24052 10
0.0420933 2.24013 0.0194304 2.24052 10
0.0932932 1.98469 0.0214757 1.98688 10
0.0466595 1.98633 0.023521 1.98688 10
0.102407 1.8149 0.0255663 1.81778 10
0.11093 1.81439 0.0276117 1.81778 10
0.0512238 1.81706 0.029657 1.81778 10
0.116066 1.6446 0.0317023 1.64869 10
0.0541992 1.6478 0.0337476 1.64869 10
0.121394 1.51702 0.0357929 1.52187 10
0.0571747 1.52079 0.0378382 1.52187 10
0.124337 1.38949 0.0398835 1.39504 10
0.130862 1.38889 0.0419288 1.39504 10
0.0589571 1.3938 0.0439741 1.39504 10
0.135182 1.3035 0.0460194 1.3105 10
0.061533 1.30905 0.0480647 1.3105 10
0.13791 1.21817 0.05011 1.22595 10
0.0633154 1.22431 0.0521553 1.22595 10
0.139048 1.1329 0.0542007 1.1414 10
0.144368 1.13223 0.056246 1.1414 10
0.0643015 1.13959 0.0582913 1.1414 10
0.149257 1.08894 0.0603366 1.09913 10
0.0670748 1.09708 0.0623819 1.09913 10
0.153346 1.04567 0.0644272 1.05685 10
0.0694494 1.05457 0.0664725 1.05685 10
0.15011 0.960646 0.0685178 0.972303 10
0.068449 0.969891 0.0705631 0.972303 10
0.15221 0.91749 0.0726084 0.930029 10
0.156517 0.916764 0.0746537 0.930029 10
0.0698299 0.927404 0.076699 0.930029 10
0.157617 0.873651 0.0787443 0.887755 10
0.0708132 0.884926 0.0807897 0.887755 10
0.157922 0.830602 0.082835 0.845481 10
0.0713997 0.842461 0.0848803 0.845481 10
0.157431 0.787627 0.0869256 0.803207 10
0.161128 0.786879 0.0889709 0.803207 10
0.0715876 0.80001 0.0910162 0.803207 10
0.168513 0.785331 0.0930615 0.803207 10
0.0753441 0.799665 0.0951068 0.803207 10
0.166627 0.742465 0.0971521 0.760933 10
0.0749378 0.757234 0.0991974 0.760933 10
0.16395 0.699708 0.101243 0.718659 10
0.167235 0.69893 0.103288 0.718659 10
0.074132 0.714825 0.105333 0.718659 10
0.173794 0.697328 0.107379 0.718659 10
0.0774889 0.714469 0.109424 0.718659 10
0.169728 0.654743 0.111469 0.676385 10
0.0760889 0.672091 0.113515 0.676385 10
0.175871 0.65312 0.11556 0.676385 10
0.0792446 0.671727 0.117605 0.676385 10
0.170625 0.610723 0.11965 0.634111 10
0.173491 0.609916 0.121696 0.634111 10
0.0772495 0.629388 0.123741 0.634111 10
0.179214 0.608259 0.125786 0.634111 10
0.080205 0.629018 0.127832 0.634111 10
0.172592 0.566112 0.129877 0.591837 10
0.0776138 0.586725 0.131922 0.591837 10
0.177901 0.564466 0.133968 0.591837 10
0.180552 0.563624 0.136013 0.591837 10
0.0803699 0.586354 0.138058 0.591837 10
0.172565 0.521767 0.140104 0.549563 10
0.0771856 0.544115 0.142149 0.549563 10
0.177459 0.520123 0.144194 0.549563 10
0.0797405 0.543747 0.14624 0.549563 10
0.182337 0.518433 0.148285 0.549563 10
0.0822935 0.543366 0.15033 0.549563 10
0.172799 0.476952 0.152375 0.507289 10
0.175036 0.476134 0.154421 0.507289 10
0.0783176 0.501206 0.156466 0.507289 10
0.179502 0.474469 0.158511 0.507289 10
0.0806723 0.500833 0.160557 0.507289 10
0.183951 0.472762 0.162602 0.507289 10
0.0830231 0.500449 0.164647 0.507289 10
0.172686 0.431762 0.166693 0.465015 10
0.174712 0.430946 0.168738 0.465015 10
0.0782585 0.458382 0.170783 0.465015 10
0.178753 0.429285 0.172828 0.465015 10
0.080411 0.45801 0.174874 0.465015 10
0.182777 0.427588 0.176919 0.465015 10
0.0825605 0.457627 0.178964 0.465015 10
0.186787 0.425851 0.18101 0.465015 10
0.188785 0.42497 0.183055 0.465015 10
0.0847101 0.457234 0.1851 0.465015 10
0.192769 0.423177 0.187146 0.465015 10
0.0868568 0.456831 0.189191 0.465015 10
0.17885 0.383043 0.191236 0.422741 10
0.0809107 0.414926 0.193282 0.422741 10
0.182441 0.381346 0.195327 0.422741 10
0.082859 0.414541 0.197372 0.422741 10
0.186014 0.379615 0.199418 0.422741 10
0.187796 0.378737 0.201463 0.422741 10
0.0848045 0.414146 0.203508 0.422741 10
0.191346 0.376956 0.205553 0.422741 10
0.0867491 0.413744 0.207599 0.422741 10
0.194879 0.375143 0.209644 0.422741 10
0.0886908 0.413332 0.211689 0.422741 10
0.178555 0.335966 0.213735 0.380466 10
0.180131 0.335124 0.21578 0.380466 10
0.0815687 0.37162 0.217825 0.380466 10
0.183271 0.333417 0.219871 0.380466 10
0.0833139 0.371233 0.221916 0.380466 10
0.186396 0.33168 0.223961 0.380466 10
0.0850563 0.370837 0.226007 0.380466 10
0.189503 0.329915 0.228052 0.380466 10
0.0867968 0.370433 0.230097 0.380466 10
0.192594 0.328119 0.232142 0.380466 10
0.194133 0.327211 0.234188 0.380466 10
0.0885363 0.370021 0.236233 0.380466 10
0.197198 0.325374 0.238278 0.380466 10
0.0902729 0.369602 0.240324 0.380466 10
0.177997 0.287561 0.242369 0.338192 10
0.0817852 0.328154 0.244414 0.338192 10
0.18069 0.285876 0.24646 0.338192 10
0.182031 0.285025 0.248505 0.338192 10
0.0833263 0.327767 0.25055 0.338192 10
0.1847 0.283302 0.252596 0.338192 10
0.0848646 0.327372 0.254641 0.338192 10
0.187354 0.281554 0.256686 0.338192 10
0.0864019 0.32697 0.258731 0.338192 10
0.18999 0.279782 0.260777 0.338192 10
0.191302 0.278886 0.262822 0.338192 10
0.0879364 0.32656 0.264867 0.338192 10
0.193913 0.277077 0.266913 0.338192 10
0.0894699 0.326143 0.268958 0.338192 10
0.196508 0.275243 0.271003 0.338192 10
0.0909996 0.325719 0.273049 0.338192 10
0.199085 0.273385 0.275094 0.338192 10
0.0925293 0.325289 0.277139 0.338192 10
0.176438 0.237565 0.279184 0.295918 10
0.177553 0.236733 0.28123 0.295918 10
0.0822983 0.284244 0.283275 0.295918 10
0.179769 0.235055 0.28532 0.295918 10
0.0836334 0.283854 0.287366 0.295918 10
0.181969 0.233356 0.289411 0.295918 10
0.0849657 0.283458 0.291456 0.295918 10
0.184154 0.231636 0.293502 0.295918 10
0.185239 0.230768 0.295547 0.295918 10
0.0862961 0.283056 0.297592 0.295918 10
0.1874 0.229018 0.299638 0.295918 10
0.0876245 0.282648 0.301683 0.295918 10
0.189542 0.227248 0.303728 0.295918 10
0.0889521 0.282233 0.305773 0.295918 10
0.191669 0.225457 0.307819 0.295918 10
0.192725 0.224554 0.309864 0.295918 10
0.0902767 0.281812 0.311909 0.295918 10
0.194826 0.222734 0.313955 0.295918 10
0.0915976 0.281385 0.316 0.295918 10
0.196911 0.220894 0.318045 0.295918 10
0.0929203 0.280951 0.320091 0.295918 10
0.198977 0.219035 0.322136 0.295918 10
0.0942383 0.280512 0.324181 0.295918 10
0.201026 0.217156 0.326227 0.295918 10
0.202044 0.216209 0.328272 0.295918 10
0.0955544 0.280066 0.330317 0.295918 10
0.174913 0.183687 0.332363 0.253644 10
0.0830307 0.239669 0.334408 0.253644 10
0.176631 0.182036 0.336453 0.253644 10
0.0841551 0.239277 0.338498 0.253644 10
0.178333 0.180368 0.340544 0.253644 10
0.179179 0.179529 0.342589 0.253644 10
0.0852785 0.238879 0.344634 0.253644 10
0.180858 0.177837 0.34668 0.253644 10
0.0864 0.238475 0.348725 0.253644 10
0.18252 0.176131 0.35077 0.253644 10
0.0875187 0.238067 0.352816 0.253644 10
0.184167 0.174408 0.354861 0.253644 10
0.0886354 0.237653 0.356906 0.253644 10
0.185797 0.172671 0.358952 0.253644 10
0.186606 0.171796 0.360997 0.253644 10
0.0897512 0.237235 0.363042 0.253644 10
0.188211 0.170035 0.365087 0.253644 10
0.0908651 0.236811 0.367133 0.253644 10
0.189801 0.16826 0.369178 0.253644 10
0.0919762 0.236381 0.371223 0.253644 10
0.191373 0.166469 0.373269 0.253644 10
0.192153 0.165569 0.375314 0.253644 10
0.0930853 0.235946 0.377359 0.253644 10
0.1937 0.163756 0.379405 0.253644 10
0.0941925 0.235506 0.38145 0.253644 10
0.19523 0.16193 0.383495 0.253644 10
0.0952978 0.235061 0.385541 0.253644 10
0.196742 0.160089 0.387586 0.253644 10
0.197492 0.159163 0.389631 0.253644 10
0.0964003 0.234611 0.391676 0.253644 10
0.198979 0.1573 0.393722 0.253644 10
0.0975018 0.234156 0.395767 0.253644 10
0.200447 0.155424 0.397812 0.253644 10
0.0986004 0.233695 0.399858 0.253644 10
0.201899 0.153534 0.401903 0.253644 10
0.0996971 0.23323 0.403948 0.253644 10
0.169443 0.126359 0.405994 0.21137 10
0.170034 0.125561 0.408039 0.21137 10
0.083992 0.193965 0.410084 0.21137 10
0.171206 0.123959 0.412129 0.21137 10
0.0849028 0.193569 0.414175 0.21137 10
0.172364 0.122345 0.41622 0.21137 10
0.0858116 0.193168 0.418265 0.21137 10
0.173505 0.12072 0.420311 0.21137 10
0.17407 0.119904 0.422356 0.21137 10
0.0867186 0.192763 0.424401 0.21137 10
0.175189 0.118263 0.426447 0.21137 10
0.0876226 0.192353 0.428492 0.21137 10
0.176292 0.116612 0.430537 0.21137 10
0.0885248 0.19194 0.432583 0.21137 10
0.177381 0.114951 0.434628 0.21137 10
0.177917 0.114117 0.436673 0.21137 10
0.0894251 0.191522 0.438718 0.21137 10
0.178982 0.112441 0.440764 0.21137 10
0.0903244 0.1911 0.442809 0.21137 10
0.180031 0.110754 0.444854 0.21137 10
0.0912209 0.190673 0.4469 0.21137 10
0.181064 0.109058 0.448945 0.21137 10
0.0921154 0.190243 0.45099 0.21137 10
0.18208 0.107352 0.453036 0.21137 10
0.182582 0.106495 0.455081 0.21137 10
0.0930071 0.189807 0.457126 0.21137 10
0.183575 0.104776 0.459172 0.21137 10
0.0938978 0.189369 0.461217 0.21137 10
0.184551 0.103046 0.463262 0.21137 10
0.0947866 0.188926 0.465308 0.21137 10
0.185511 0.101308 0.467353 0.21137 10
0.185985 0.100436 0.469398 0.21137 10
0.0956726 0.188478 0.471443 0.21137 10
0.18692 0.0986843 0.473489 0.21137 10
0.0965586 0.188027 0.475534 0.21137 10
0.187839 0.0969238 0.477579 0.21137 10
0.0974388 0.187572 0.479625 0.21137 10
0.188741 0.0951552 0.48167 0.21137 10
0.0983191 0.187111 0.483715 0.21137 10
0.189627 0.0933781 0.485761 0.21137 10
0.190063 0.0924859 0.487806 0.21137 10
0.0991974 0.186648 0.489851 0.21137 10
0.190924 0.0906968 0.491897 0.21137 10
0.100074 0.18618 0.493942 0.21137 10
0.191767 0.0888991 0.495987 0.21137 10
0.100946 0.185708 0.498032 0.21137 10
0.192593 0.0870934 0.500078 0.21137 10
0.193 0.0861878 0.502123 0.21137 10
0.101817 0.185231 0.504168 0.21137 10
0.193801 0.0843711 0.506214 0.21137 10
0.102686 0.184751 0.508259 0.21137 10
0.194586 0.0825467 0.510304 0.21137 10
0.103553 0.184267 0.51235 0.21137 10
0.195353 0.0807152 0.514395 0.21137 10
0.19573 0.0797968 0.51644 0.21137 10
0.104418 0.183778 0.518485 0.21137 10
0.19647 0.0779543 0.520531 0.21137 10
0.10528 0.183286 0.522576 0.21137 10
0.157755 0.0608845 0.524621 0.169096 10
0.0849113 0.146232 0.526667 0.169096 10
0.15832 0.0593996 0.528712 0.169096 10
0.085597 0.145831 0.530757 0.169096 10
0.158872 0.05791 0.532803 0.169096 10
0.159142 0.0571628 0.534848 0.169096 10
0.0862808 0.145427 0.536893 0.169096 10
0.159672 0.055665 0.538939 0.169096 10
0.0869637 0.14502 0.540984 0.169096 10
0.160188 0.054163 0.543029 0.169096 10
0.0876446 0.14461 0.545075 0.169096 10
0.160689 0.0526557 0.54712 0.169096 10
0.160935 0.0519004 0.549165 0.169096 10
0.0883226 0.144197 0.55121 0.169096 10
0.161416 0.0503864 0.553256 0.169096 10
0.0889988 0.143781 0.555301 0.169096 10
0.16188 0.0488677 0.557346 0.169096 10
0.0896721 0.143361 0.559392 0.169096 10
0.162333 0.0473452 0.561437 0.169096 10
0.0903454 0.142938 0.563482 0.169096 10
0.16277 0.0458179 0.565528 0.169096 10
0.162984 0.0450525 0.567573 0.169096 10
0.0910158 0.142512 0.569618 0.169096 10
0.163401 0.0435195 0.571663 0.169096 10
0.0916843 0.142083 0.573709 0.169096 10
0.163802 0.0419827 0.575754 0.169096 10
0.092351 0.141651 0.577799 0.169096 10
0.164189 0.040442 0.579845 0.169096 10
0.164377 0.0396705 0.58189 0.169096 10
0.0930147 0.141215 0.583935 0.169096 10
0.164742 0.0381246 0.585981 0.169096 10
0.0936766 0.140777 0.588026 0.169096 10
0.165093 0.0365753 0.590071 0.169096 10
0.0943365 0.140336 0.592117 0.169096 10
0.16543 0.0350227 0.594162 0.169096 10
0.165593 0.034245 0.596207 0.169096 10
0.0949955 0.139891 0.598253 0.169096 10
0.165907 0.0326881 0.600298 0.169096 10
0.0956516 0.139443 0.602343 0.169096 10
0.166207 0.0311284 0.604388 0.169096 10
0.0963049 0.138992 0.606434 0.169096 10
0.166492 0.0295653 0.608479 0.169096 10
0.0969582 0.138538 0.610524 0.169096 10
0.166762 0.0279999 0.61257 0.169096 10
0.166891 0.0272164 0.614615 0.169096 10
0.0976076 0.138082 0.61666 0.169096 10
0.16714 0.0256476 0.618706 0.169096 10
0.0982542 0.137622 0.620751 0.169096 10
0.167374 0.024076 0.622796 0.169096 10
0.0988998 0.137159 0.624842 0.169096 10
0.167592 0.0225024 0.626887 0.169096 10
0.167697 0.0217152 0.628932 0.169096 10
0.0995426 0.136692 0.630977 0.169096 10
0.167893 0.0201392 0.633023 0.169096 10
0.100184 0.136224 0.635068 0.169096 10
0.168076 0.0185609 0.637113 0.169096 10
0.100822 0.135751 0.639159 0.169096 10
0.168242 0.0169811 0.641204 0.169096 10
0.16832 0.0161905 0.643249 0.169096 10
0.10146 0.135276 0.645295 0.169096 10
0.168465 0.0146089 0.64734 0.169096 10
0.102094 0.134798 0.649385 0.169096 10
0.168594 0.0130253 0.65143 0.169096 10
0.102725 0.134317 0.653476 0.169096 10
0.168709 0.0114412 0.655521 0.169096 10
0.103354 0.133833 0.657566 0.169096 10
0.168809 0.00985575 0.659612 0.169096 10
0.168854 0.00906277 0.661657 0.169096 10
0.103983 0.133346 0.663702 0.169096 10
0.168932 0.00747633 0.665748 0.169096 10
0.104608 0.132856 0.667793 0.169096 10
0.168994 0.00588894 0.669838 0.169096 10
0.10523 0.132363 0.671884 0.169096 10
0.169042 0.00430107 0.673929 0.169096 10
0.16906 0.00350714 0.675974 0.169096 10
0.105851 0.131868 0.67802 0.169096 10
0.169086 0.00191879 0.680065 0.169096 10
0.106469 0.13137 0.68211 0.169096 10
0.169097 0.000330448 0.684155 0.169096 10
0.107085 0.130867 0.686201 0.169096 10
0.169091 -0.00125837 0.688246 0.169096 10
0.107698 0.130363 0.690291 0.169096 10
0.169073 -0.00284672 0.692337 0.169096 10
0.169057 -0.00364065 0.694382 0.169096 10
0.10831 0.129856 0.696427 0.169096 10
0.169016 -0.005229 0.698473 0.169096 10
0.108919 0.129346 0.700518 0.169096 10
0.16896 -0.00681639 0.702563 0.169096 10
0.109526 0.128833 0.704609 0.169096 10
0.168887 -0.0084033 0.706654 0.169096 10
0.168846 -0.00919676 0.708699 0.169096 10
0.110129 0.128317 0.710744 0.169096 10
0.168753 -0.0107822 0.71279 0.169096 10
0.110731 0.127798 0.714835 0.169096 10
0.168644 -0.0123668 0.71688 0.169096 10
0.11133 0.127276 0.718926 0.169096 10
0.16852 -0.0139508 0.720971 0.169096 10
0.168452 -0.0147419 0.723016 0.169096 10
0.111925 0.126752 0.725062 0.169096 10
0.168307 -0.016324 0.727107 0.169096 10
0.11252 0.126225 0.729152 0.169096 10
0.168146 -0.0179043 0.731198 0.169096 10
0.113111 0.125695 0.733243 0.169096 10
0.16797 -0.0194831 0.735288 0.169096 10
0.113701 0.125163 0.737333 0.169096 10
0.16778 -0.02106 0.739379 0.169096 10
0.167679 -0.0218482 0.741424 0.169096 10
0.114288 0.124627 0.743469 0.169096 10
0.1256 -0.0175667 0.745515 0.126822 10
0.086154 0.0930662 0.74756 0.126822 10
0.125429 -0.0187459 0.749605 0.126822 10
0.0865898 0.0926609 0.751651 0.126822 10
0.125248 -0.0199232 0.753696 0.126822 10
0.125153 -0.0205116 0.755741 0.126822 10
0.0870247 0.0922532 0.757787 0.126822 10
0.124954 -0.0216861 0.759832 0.126822 10
0.0874567 0.0918436 0.761877 0.126822 10
0.124745 -0.0228591 0.763922 0.126822 10
0.0878868 0.0914316 0.765968 0.126822 10
0.124525 -0.0240297 0.768013 0.126822 10
0.124411 -0.0246148 0.770058 0.126822 10
0.088316 0.0910177 0.772104 0.126822 10
0.124174 -0.0257826 0.774149 0.126822 10
0.0887432 0.0906019 0.776194 0.126822 10
0.123926 -0.0269475 0.77824 0.126822 10
0.0891676 0.0901837 0.780285 0.126822 10
0.123668 -0.0281105 0.78233 0.126822 10
0.0895901 0.0897646 0.784375 0.126822 10
0.123399 -0.0292711 0.786421 0.126822 10
0.12326 -0.0298505 0.788466 0.126822 10
0.0900106 0.0893426 0.790511 0.126822 10
0.122973 -0.0310068 0.792557 0.126822 10
0.0904284 0.0889187 0.794602 0.126822 10
0.122678 -0.0321608 0.796647 0.126822 10
0.0908461 0.0884929 0.798693 0.126822 10
0.122369 -0.0333118 0.800738 0.126822 10
0.122211 -0.0338864 0.802783 0.126822 10
0.09126 0.0880651 0.804829 0.126822 10
0.121888 -0.0350327 0.806874 0.126822 10
0.0916729 0.087635 0.808919 0.126822 10
0.121553 -0.0361762 0.810965 0.126822 10
0.092083 0.0872045 0.81301 0.126822 10
0.121208 -0.0373163 0.815055 0.126822 10
0.0924921 0.0867705 0.8171 0.126822 10
0.120852 -0.0384536 0.819146 0.126822 10
0.12067 -0.039021 0.821191 0.126822 10
0.0928993 0.0863352 0.823236 0.126822 10
0.120298 -0.040153 0.825282 0.126822 10
0.0933027 0.0858979 0.827327 0.126822 10
0.119915 -0.0412812 0.829372 0.126822 10
0.0937061 0.0854588 0.831418 0.126822 10
0.119523 -0.0424061 0.833463 0.126822 10
0.119323 -0.0429664 0.835508 0.126822 10
0.0941067 0.0850177 0.837554 0.126822 10
0.118914 -0.0440855 0.839599 0.126822 10
0.0945053 0.0845747 0.841644 0.126822 10
0.118494 -0.0452008 0.843689 0.126822 10
0.0949001 0.0841298 0.845735 0.126822 10
0.118064 -0.0463119 0.84778 0.126822 10
0.117846 -0.0468659 0.849825 0.126822 10
0.095295 0.083683 0.851871 0.126822 10
0.1174 -0.0479712 0.853916 0.126822 10
0.0956869 0.0832348 0.855961 0.126822 10
0.116944 -0.0490718 0.858007 0.126822 10
0.096077 0.0827842 0.860052 0.126822 10
0.116478 -0.050168 0.862097 0.126822 10
0.0964642 0.0823317 0.864143 0.126822 10
0.116001 -0.05126 0.866188 0.126822 10
0.115759 -0.0518045 0.868233 0.126822 10
0.0968504 0.0818782 0.870278 0.126822 10
0.115267 -0.0528893 0.872324 0.126822 10
0.0972338 0.0814219 0.874369 0.126822 10
0.114766 -0.0539703 0.876414 0.126822 10
0.0976152 0.080965 0.87846 0.126822 10
0.114254 -0.0550461 0.880505 0.126822 10
0.113995 -0.055582 0.88255 0.126822 10
0.0979939 0.0805054 0.884596 0.126822 10
0.113467 -0.0566502 0.886641 0.126822 10
0.0983715 0.0800443 0.888686 0.126822 10
0.11293 -0.057714 0.890732 0.126822 10
0.0987463 0.0795813 0.892777 0.126822 10
0.112382 -0.0587721 0.894822 0.126822 10
0.0991192 0.0791159 0.896867 0.126822 10
0.111825 -0.0598254 0.898913 0.126822 10
0.111543 -0.0603499 0.900958 0.126822 10
0.0994883 0.07865 0.903003 0.126822 10
0.11097 -0.0613952 0.905049 0.126822 10
0.0998573 0.0781817 0.907094 0.126822 10
0.11039 -0.0624347 0.909139 0.126822 10
0.100224 0.0777116 0.911185 0.126822 10
0.109798 -0.0634689 0.91323 0.126822 10
0.109499 -0.0639839 0.915275 0.126822 10
0.100588 0.07724 0.91732 0.126822 10
0.108893 -0.0650096 0.919366 0.126822 10
0.100949 0.076767 0.921411 0.126822 10
0.108277 -0.06603 0.923456 0.126822 10
0.101309 0.076292 0.925502 0.126822 10
0.107653 -0.0670438 0.927547 0.126822 10
0.107336 -0.0675492 0.929592 0.126822 10
0.101666 0.0758152 0.931638 0.126822 10
0.106696 -0.0685544 0.933683 0.126822 10
0.102021 0.0753369 0.935728 0.126822 10
0.106049 -0.0695539 0.937774 0.126822 10
0.102374 0.0748568 0.939819 0.126822 10
0.105391 -0.0705466 0.941864 0.126822 10
0.102724 0.0743752 0.94391 0.126822 10
0.104722 -0.0715337 0.945955 0.126822 10
0.104385 -0.0720248 0.948 0.126822 10
0.103073 0.0738916 0.950045 0.126822 10
0.103704 -0.0730023 0.952091 0.126822 10
0.103419 0.0734067 0.954136 0.126822 10
0.103014 -0.0739732 0.956181 0.126822 10
0.103762 0.0729198 0.958227 0.126822 10
0.102316 -0.0749378 0.960272 0.126822 10
0.101962 -0.0754175 0.962317 0.126822 10
0.104103 0.0724325 0.964363 0.126822 10
0.101249 -0.0763721 0.966408 0.126822 10
0.104443 0.0719423 0.968453 0.126822 10
0.100527 -0.0773196 0.970499 0.126822 10
0.104779 0.0714512 0.972544 0.126822 10
0.0997953 -0.0782604 0.974589 0.126822 10
0.0994272 -0.0787287 0.976634 0.126822 10
0.105114 0.0709581 0.97868 0.126822 10
0.0986834 -0.079659 0.980725 0.126822 10
0.105446 0.0704632 0.98277 0.126822 10
0.0979309 -0.0805826 0.984816 0.126822 10
0.105776 0.0699677 0.986861 0.126822 10
0.0971689 -0.0814996 0.988906 0.126822 10
0.106104 0.0694695 0.990952 0.126822 10
0.0963993 -0.0824084 0.992997 0.126822 10
0.0960112 -0.08286 0.995042 0.126822 10
0.106429 0.0689707 0.997088 0.126822 10
0.0952282 -0.0837588 0.999133 0.126822 10
0.106751 0.06847 1.00118 0.126822 10
0.0944376 -0.0846496 1.00322 0.126822 10
0.107072 0.0679679 1.00527 0.126822 10
0.0936384 -0.0855327 1.00731 0.126822 10
0.093235 -0.0859718 1.00936 0.126822 10
0.10739 0.0674644 1.0114 0.126822 10
0.0924234 -0.086844 1.01345 0.126822 10
0.107706 0.0669589 1.0155 0.126822 10
0.0916033 -0.0877085 1.01754 0.126822 10
0.108019 0.0664525 1.01959 0.126822 10
0.0907755 -0.0885649 1.02163 0.126822 10
0.10833 0.0659442 1.02368 0.126822 10
0.0899391 -0.0894141 1.02572 0.126822 10
0.0895185 -0.0898352 1.02777 0.126822 10
0.108638 0.0654345 1.02981 0.126822 10
0.0886717 -0.090672 1.03186 0.126822 10
0.108944 0.0649238 1.0339 0.126822 10
0.0878153 -0.0915012 1.03595 0.126822 10
0.109247 0.0644112 1.03799 0.126822 10
0.0869513 -0.0923219 1.04004 0.126822 10
0.0865173 -0.0927296 1.04208 0.126822 10
0.10955 0.0638971 1.04413 0.126822 10
0.0856419 -0.0935383 1.04617 0.126822 10
0.109848 0.0633821 1.04822 0.126822 10
0.0847597 -0.0943384 1.05027 0.126822 10
0.110146 0.0628653 1.05231 0.126822 10
0.0838699 -0.0951304 1.05436 0.126822 10
0.0834217 -0.0955234 1.0564 0.126822 10
0.110439 0.0623474 1.05845 0.126822 10
0.0825214 -0.096303 1.06049 0.126822 10
0.11073 0.0618277 1.06254 0.126822 10
0.0816116 -0.097074 1.06458 0.126822 10
0.11102 0.061307 1.06663 0.126822 10
0.0806971 -0.0978365 1.06867 0.126822 10
0.111306 0.0607853 1.07072 0.126822 10
0.0797739 -0.0985899 1.07276 0.126822 10
0.0793104 -0.0989637 1.07481 0.126822 10
0.111591 0.0602617 1.07685 0.126822 10
0.0783768 -0.0997043 1.0789 0.126822 10
0.111874 0.0597367 1.08095 0.126822 10
0.0774374 -0.100436 1.08299 0.126822 10
0.112152 0.0592108 1.08504 0.126822 10
0.0764894 -0.101159 1.08708 0.126822 10
0.0760155 -0.101517 1.08913 0.126822 10
0.11243 0.0586834 1.09117 0.126822 10
0.075058 -0.102227 1.09322 0.126822 10
0.112704 0.0581546 1.09526 0.126822 10
0.0740929 -0.102928 1.09731 0.126822 10
0.112974 0.0576243 1.09935 0.126822 10
0.073123 -0.103619 1.1014 0.126822 10
0.0726347 -0.103961 1.10344 0.126822 10
0.113244 0.0570931 1.10549 0.126822 10
0.0716562 -0.104639 1.10753 0.126822 10
0.113511 0.0565605 1.10958 0.126822 10
0.0706701 -0.105308 1.11162 0.126822 10
0.113775 0.0560269 1.11367 0.126822 10
0.0696774 -0.105967 1.11572 0.126822 10
0.114038 0.0554914 1.11776 0.126822 10
0.0686779 -0.106617 1.11981 0.126822 10
0.0681763 -0.106938 1.12185 0.126822 10
0.114297 0.0549555 1.1239 0.126822 10
0.0671701 -0.107574 1.12594 0.126822 10
0.114554 0.0544181 1.12799 0.126822 10
0.0661564 -0.108201 1.13003 0.126822 10
0.114809 0.0538793 1.13208 0.126822 10
0.0651369 -0.108817 1.13412 0.126822 10
0.0646248 -0.109122 1.13617 0.126822 10
0.115061 0.0533395 1.13821 0.126822 10
0.0635967 -0.109724 1.14026 0.126822 10
0.11531 0.0527983 1.1423 0.126822 10
0.0625629 -0.110317 1.14435 0.126822 10
0.115556 0.0522561 1.14639 0.126822 10
0.0615244 -0.110899 1.14844 0.126822 10
0.1158 0.0517125 1.15049 0.126822 10
0.0604801 -0.111473 1.15253 0.126822 10
0.0599556 -0.111755 1.15458 0.126822 10
0.116042 0.0511684 1.15662 0.126822 10
0.0589037 -0.112314 1.15867 0.126822 10
0.116281 0.0506225 1.16071 0.126822 10
0.0578461 -0.112862 1.16276 0.126822 10
0.116517 0.050076 1.1648 0.126822 10
0.0567827 -0.1134 1.16685 0.126822 10
0.0562496 -0.113666 1.16889 0.126822 10
0.116753 0.0495281 1.17094 0.126822 10
0.0551796 -0.114189 1.17298 0.126822 10
0.116983 0.0489793 1.17503 0.126822 10
0.0541039 -0.114703 1.17707 0.126822 10
0.117212 0.048429 1.17912 0.126822 10
0.0530243 -0.115206 1.18117 0.126822 10
0.0524826 -0.115454 1.18321 0.126822 10
0.117438 0.0478783 1.18526 0.126822 10
0.0513954 -0.115942 1.1873 0.126822 10
0.117661 0.0473261 1.18935 0.126822 10
0.0503035 -0.116419 1.19139 0.126822 10
0.117882 0.046773 1.19344 0.126822 10
0.0492086 -0.116887 1.19548 0.126822 10
0.1181 0.0462184 1.19753 0.126822 10
0.0481081 -0.117344 1.19957 0.126822 10
0.0475559 -0.117568 1.20162 0.126822 10
0.118317 0.0456634 1.20366 0.126822 10
0.0464497 -0.11801 1.20571 0.126822 10
0.118529 0.0451069 1.20775 0.126822 10
0.0453396 -0.118441 1.2098 0.126822 10
0.11874 0.0445499 1.21184 0.126822 10
0.0442247 -0.118862 1.21389 0.126822 10
0.0436659 -0.119068 1.21594 0.126822 10
0.118948 0.0439916 1.21798 0.126822 10
0.0425444 -0.119473 1.22003 0.126822 10
0.119154 0.0434322 1.22207 0.126822 10
0.0414209 -0.119867 1.22412 0.126822 10
0.119356 0.0428724 1.22616 0.126822 10
0.0402927 -0.120252 1.22821 0.126822 10
0.119556 0.0423112 1.23025 0.126822 10
0.0391617 -0.120625 1.2323 0.126822 10
0.0385942 -0.120807 1.23434 0.126822 10
0.119754 0.041749 1.23639 0.126822 10
0.0374575 -0.121164 1.23843 0.126822 10
0.119948 0.0411859 1.24048 0.126822 10
0.0363188 -0.121511 1.24252 0.126822 10
0.12014 0.0406222 1.24457 0.126822 10
0.0351753 -0.121847 1.24662 0.126822 10
0.0346022 -0.122011 1.24866 0.126822 10
0.120331 0.0400577 1.25071 0.126822 10
0.0334539 -0.12233 1.25275 0.126822 10
0.120517 0.0394917 1.2548 0.126822 10
0.0323048 -0.122639 1.25684 0.126822 10
0.120702 0.0389252 1.25889 0.126822 10
0.0311508 -0.122937 1.26093 0.126822 10
0.0305719 -0.123082 1.26298 0.126822 10
0.120883 0.0383577 1.26502 0.126822 10
0.0294151 -0.123364 1.26707 0.126822 10
0.121062 0.0377898 1.26911 0.126822 10
0.0282545 -0.123635 1.27116 0.126822 10
0.121238 0.0372205 1.2732 0.126822 10
0.0270929 -0.123895 1.27525 0.126822 10
0.121412 0.0366507 1.27729 0.126822 10
0.0259266 -0.124144 1.27934 0.126822 10
0.0253439 -0.124264 1.28139 0.126822 10
0.121582 0.0360799 1.28343 0.126822 10
0.0241747 -0.124497 1.28548 0.126822 10
0.121751 0.0355086 1.28752 0.126822 10
0.0230055 -0.124719 1.28957 0.126822 10
0.121916 0.0349364 1.29161 0.126822 10
0.0218325 -0.124929 1.29366 0.126822 10
0.021245 -0.125031 1.2957 0.126822 10
0.122079 0.0343633 1.29775 0.126822 10
0.0200682 -0.125224 1.29979 0.126822 10
0.122237 0.0337896 1.30184 0.126822 10
0.0188923 -0.125407 1.30388 0.126822 10
0.122396 0.033215 1.30593 0.126822 10
0.0177135 -0.125579 1.30797 0.126822 10
0.0171232 -0.125661 1.31002 0.126822 10
0.12255 0.0326395 1.31206 0.126822 10
0.0159416 -0.125816 1.31411 0.126822 10
0.122702 0.0320635 1.31616 0.126822 10
0.01476 -0.12596 1.3182 0.126822 10
0.122851 0.031487 1.32025 0.126822 10
0.0135746 -0.126094 1.32229 0.126822 10
0.122998 0.0309095 1.32434 0.126822 10
0.0123901 -0.126216 1.32638 0.126822 10
0.011796 -0.126272 1.32843 0.126822 10
0.123141 0.0303316 1.33047 0.126822 10
0.0106106 -0.126378 1.33252 0.126822 10
0.123283 0.0297527 1.33456 0.126822 10
0.00942326 -0.126472 1.33661 0.126822 10
0.123422 0.0291734 1.33865 0.126822 10
0.00823402 -0.126554 1.3407 0.126822 10
0.00763988 -0.126592 1.34274 0.126822 10
0.123557 0.0285931 1.34479 0.126822 10
0.0064497 -0.126658 1.34684 0.126822 10
0.12369 0.0280128 1.34888 0.126822 10
0.00526047 -0.126713 1.35093 0.126822 10
0.12382 0.0274315 1.35297 0.126822 10
0.00407028 -0.126757 1.35502 0.126822 10
0.123948 0.0268493 1.35706 0.126822 10
0.00287819 -0.12679 1.35911 0.126822 10
0.0022831 -0.126801 1.36115 0.126822 10
0.124072 0.0262671 1.3632 0.126822 10
0.00109196 -0.126818 1.36524 0.126822 10
0.124194 0.0256839 1.36729 0.126822 10
-0.000100136 -0.126822 1.36933 0.126822 10
0.124314 0.0251002 1.37138 0.126822 10
-0.00129128 -0.126816 1.37342 0.126822 10
-0.00188732 -0.126808 1.37547 0.126822 10
0.124431 0.0245161 1.37751 0.126822 10
-0.00307751 -0.126785 1.37956 0.126822 10
0.124545 0.023931 1.38161 0.126822 10
-0.00426865 -0.12675 1.38365 0.126822 10
0.124655 0.0233459 1.3857 0.126822 10
-0.00545979 -0.126705 1.38774 0.126822 10
-0.00605488 -0.126678 1.38979 0.126822 10
0.124763 0.0227604 1.39183 0.126822 10
-0.00724411 -0.126615 1.39388 0.126822 10
0.124869 0.0221739 1.39592 0.126822 10
-0.00843334 -0.126542 1.39797 0.126822 10
0.124972 0.0215869 1.40001 0.126822 10
-0.00962162 -0.126457 1.40206 0.126822 10
0.125072 0.0209999 1.4041 0.126822 10
-0.0108099 -0.126361 1.40615 0.126822 10
-0.0114021 -0.126308 1.40819 0.126822 10
0.12517 0.0204124 1.41024 0.126822 10
-0.0125885 -0.126196 1.41228 0.126822 10
0.125264 0.019824 1.41433 0.126822 10
-0.013773 -0.126072 1.41638 0.126822 10
0.125355 0.0192356 1.41842 0.126822 10
-0.0149574 -0.125937 1.42047 0.126822 10
-0.0155497 -0.125865 1.42251 0.126822 10
0.125444 0.0186467 1.42456 0.126822 10
-0.0167303 -0.125714 1.4266 0.126822 10
0.12553 0.0180569 1.42865 0.126822 10
-0.017911 -0.125551 1.43069 0.126822 10
0.125614 0.0174675 1.43274 0.126822 10
-0.0190897 -0.125377 1.43478 0.126822 10
-0.0196781 -0.125286 1.43683 0.126822 10
0.125695 0.0168772 1.43887 0.126822 10
-0.020854 -0.125096 1.44092 0.126822 10
0.125772 0.0162864 1.44296 0.126822 10
-0.022028 -0.124894 1.44501 0.126822 10
0.125848 0.0156956 1.44706 0.126822 10
-0.023201 -0.124682 1.4491 0.126822 10
0.12592 0.0151043 1.45115 0.126822 10
-0.0243721 -0.124459 1.45319 0.126822 10
-0.0249548 -0.124342 1.45524 0.126822 10
0.12599 0.0145125 1.45728 0.126822 10
-0.0261221 -0.124103 1.45933 0.126822 10
0.126057 0.0139208 1.46137 0.126822 10
-0.0272865 -0.123852 1.46342 0.126822 10
0.126121 0.0133286 1.46546 0.126822 10
-0.0284491 -0.12359 1.46751 0.126822 10
-0.0290298 -0.123455 1.46955 0.126822 10
0.126183 0.0127358 1.4716 0.126822 10
-0.0301876 -0.123177 1.47364 0.126822 10
0.126241 0.0121431 1.47569 0.126822 10
-0.0313435 -0.122888 1.47773 0.126822 10
0.126296 0.0115499 1.47978 0.126822 10
-0.0324974 -0.122588 1.48183 0.126822 10
0.126348 0.0109568 1.48387 0.126822 10
-0.0336466 -0.122277 1.48592 0.126822 10
-0.0342207 -0.122118 1.48796 0.126822 10
0.126398 0.0103631 1.49001 0.126822 10
-0.035367 -0.121791 1.49205 0.126822 10
0.126446 0.00976896 1.4941 0.126822 10
-0.0365095 -0.121453 1.49614 0.126822 10
0.126491 0.0091753 1.49819 0.126822 10
-0.0376492 -0.121105 1.50023 0.126822 10
-0.0382166 -0.120927 1.50228 0.126822 10
0.126532 0.00858068 1.50432 0.126822 10
-0.0393505 -0.120563 1.50637 0.126822 10
0.126571 0.00798655 1.50841 0.126822 10
-0.0404825 -0.120188 1.51046 0.126822 10
0.126607 0.00739193 1.51251 0.126822 10
-0.0416098 -0.119802 1.51455 0.126822 10
-0.0421715 -0.119605 1.5166 0.126822 10
0.12664 0.00679731 1.51864 0.126822 10
-0.043293 -0.119204 1.52069 0.126822 10
0.126671 0.00620174 1.52273 0.126822 10
-0.0444107 -0.118792 1.52478 0.126822 10
0.126698 0.00560713 1.52682 0.126822 10
-0.0455256 -0.11837 1.52887 0.126822 10
0.126723 0.00501204 1.53091 0.126822 10
-0.0466356 -0.117937 1.53296 0.126822 10
-0.0471878 -0.117716 1.535 0.126822 10
0.126746 0.00441694 1.53705 0.126822 10
-0.0482922 -0.117268 1.53909 0.126822 10
0.126765 0.00382137 1.54114 0.126822 10
-0.0493917 -0.116808 1.54318 0.126822 10
0.126781 0.0032258 1.54523 0.126822 10
-0.0504875 -0.11634 1.54728 0.126822 10
-0.051033 -0.116101 1.54932 0.126822 10
0.126796 0.00263023 1.55137 0.126822 10
-0.0521212 -0.115616 1.55341 0.126822 10
0.126806 0.00203466 1.55546 0.126822 10
-0.0532045 -0.115122 1.5575 0.126822 10
0.126815 0.00143909 1.55955 0.126822 10
-0.054285 -0.114617 1.56159 0.126822 10
0.12682 0.000843525 1.56364 0.126822 10
-0.0553598 -0.114102 1.56568 0.126822 10
-0.0558929 -0.113841 1.56773 0.126822 10
0.126822 0.000247955 1.56977 0.126822 10
-0.0569611 -0.113311 1.57182 0.126822 10
0.126822 -0.000348091 1.57386 0.126822 10
-0.0580235 -0.112771 1.57591 0.126822 10
0.12682 -0.000943661 1.57795 0.126822 10
-0.0590792 -0.11222 1.58 0.126822 10
-0.0596066 -0.111942 1.58205 0.126822 10
0.126813 -0.00153971 1.58409 0.126822 10
-0.0606546 -0.111377 1.58614 0.126822 10
0.126804 -0.00213528 1.58818 0.126822 10
-0.061698 -0.110802 1.59023 0.126822 10
0.126793 -0.00273037 1.59227 0.126822 10
-0.0627375 -0.110218 1.59432 0.126822 10
-0.0632534 -0.109921 1.59636 0.126822 10
0.12678 -0.00332594 1.59841 0.126822 10
-0.0642843 -0.109323 1.60045 0.126822 10
0.126762 -0.00392151 1.6025 0.126822 10
-0.0653076 -0.108714 1.60454 0.126822 10
0.126742 -0.00451708 1.60659 0.126822 10
-0.0663261 -0.108096 1.60863 0.126822 10
0.126719 -0.00511217 1.61068 0.126822 10
-0.0673389 -0.107468 1.61273 0.126822 10
-0.0678434 -0.10715 1.61477 0.126822 10
0.126695 -0.00570726 1.61682 0.126822 10
-0.0688467 -0.106508 1.61886 0.126822 10
0.126666 -0.00630236 1.62091 0.126822 10
-0.0698433 -0.105857 1.62295 0.126822 10
0.126636 -0.00689745 1.625 0.126822 10
-0.0708351 -0.105196 1.62704 0.126822 10
-0.0713282 -0.104862 1.62909 0.126822 10
0.126601 -0.00749207 1.63113 0.126822 10
-0.0723114 -0.104187 1.63318 0.126822 10
0.126565 -0.00808668 1.63522 0.126822 10
-0.073287 -0.103503 1.63727 0.126822 10
0.126526 -0.00868082 1.63931 0.126822 10
-0.074254 -0.10281 1.64136 0.126822 10
-0.0747366 -0.10246 1.6434 0.126822 10
0.126483 -0.00927496 1.64545 0.126822 10
-0.075696 -0.101754 1.6475 0.126822 10
0.126438 -0.0098691 1.64954 0.126822 10
-0.0766487 -0.101038 1.65159 0.126822 10
0.12639 -0.0104628 1.65363 0.126822 10
-0.0775948 -0.100314 1.65568 0.126822 10
0.12634 -0.0110569 1.65772 0.126822 10
-0.0785332 -0.0995803 1.65977 0.126822 10
-0.0790005 -0.0992103 1.66181 0.126822 10
0.126287 -0.0116501 1.66386 0.126822 10
-0.0799294 -0.098464 1.6659 0.126822 10
0.126231 -0.0122433 1.66795 0.126822 10
-0.0808506 -0.0977087 1.66999 0.126822 10
0.126171 -0.012836 1.67204 0.126822 10
-0.0817652 -0.0969448 1.67408 0.126822 10
-0.0822191 -0.0965595 1.67613 0.126822 10
0.126109 -0.0134282 1.67817 0.126822 10
-0.0831223 -0.0957832 1.68022 0.126822 10
0.126045 -0.0140204 1.68227 0.126822 10
-0.0840187 -0.0949979 1.68431 0.126822 10
0.125978 -0.0146127 1.68636 0.126822 10
-0.0849075 -0.0942044 1.6884 0.126822 10
0.125908 -0.015204 1.69045 0.126822 10
-0.0857887 -0.0934024 1.69249 0.126822 10
-0.0862274 -0.092999 1.69454 0.126822 10
0.125835 -0.0157952 1.69658 0.126822 10
-0.0870962 -0.0921845 1.69863 0.126822 10
0.12576 -0.016386 1.70067 0.126822 10
-0.0879583 -0.0913625 1.70272 0.126822 10
0.125682 -0.0169768 1.70476 0.126822 10
-0.0888128 -0.0905318 1.70681 0.126822 10
-0.0892372 -0.0901136 1.70885 0.126822 10
0.1256 -0.0175667 1.7109 0.126822 10
-0.0900803 -0.0892715 1.71295 0.126822 10
0.125516 -0.0181565 1.71499 0.126822 10
-0.0909147 -0.0884213 1.71704 0.126822 10
0.125429 -0.0187459 1.71908 0.126822 10
-0.0917406 -0.0875635 1.72113 0.126822 10
-0.0921516 -0.0871315 1.72317 0.126822 10
0.12534 -0.0193348 1.72522 0.126822 10
-0.0929661 -0.0862622 1.72726 0.126822 10
0.125248 -0.0199232 1.72931 0.126822 10
-0.0937729 -0.0853848 1.73135 0.126822 10
0.125153 -0.0205116 1.7334 0.126822 10
-0.0945702 -0.0844998 1.73544 0.126822 10
0.125055 -0.0210991 1.73749 0.126822 10
-0.0953598 -0.0836082 1.73953 0.126822 10
-0.0957518 -0.083159 1.74158 0.126822 10
0.124954 -0.0216861 1.74362 0.126822 10
-0.0965281 -0.0822558 1.74567 0.126822 10
0.124851 -0.0222731 1.74772 0.126822 10
-0.0972967 -0.0813456 1.74976 0.126822 10
0.124745 -0.0228591 1.75181 0.126822 10
-0.0980568 -0.0804276 1.75385 0.126822 10
-0.0984335 -0.0799665 1.7559 0.126822 10
0.124637 -0.0234447 1.75794 0.126822 10
-0.0991802 -0.0790381 1.75999 0.126822 10
0.124525 -0.0240297 1.76203 0.126822 10
-0.0999184 -0.0781031 1.76408 0.126822 10
0.124411 -0.0246148 1.76612 0.126822 10
-0.100647 -0.0771608 1.76817 0.126822 10
-0.101009 -0.0766873 1.77021 0.126822 10
0.124293 -0.0251985 1.77226 0.126822 10
-0.101726 -0.0757351 1.7743 0.126822 10
0.124174 -0.0257826 1.77635 0.126822 10
-0.102432 -0.0747762 1.7784 0.126822 10
0.124052 -0.0263653 1.78044 0.126822 10
-0.103129 -0.0738106 1.78249 0.126822 10
0.123926 -0.0269475 1.78453 0.126822 10
-0.103819 -0.0728383 1.78658 0.126822 10
-0.10416 -0.07235 1.78862 0.126822 10
0.123798 -0.0275297 1.79067 0.126822 10
-0.104835 -0.0713682 1.79271 0.126822 10
0.123668 -0.0281105 1.79476 0.126822 10
-0.1055 -0.0703802 1.7968 0.126822 10
0.123534 -0.0286913 1.79885 0.126822 10
-0.106156 -0.069386 1.80089 0.126822 10
-0.106482 -0.0688868 1.80294 0.126822 10
0.123399 -0.0292711 1.80498 0.126822 10
-0.107124 -0.0678835 1.80703 0.126822 10
0.12326 -0.0298505 1.80907 0.126822 10
-0.107758 -0.066874 1.81112 0.126822 10
0.123118 -0.0304289 1.81317 0.126822 10
-0.108381 -0.0658588 1.81521 0.126822 10
0.122973 -0.0310068 1.81726 0.126822 10
-0.108995 -0.0648379 1.8193 0.126822 10
-0.109299 -0.0643249 1.82135 0.126822 10
0.122828 -0.0315843 1.82339 0.126822 10
-0.109898 -0.0632954 1.82544 0.126822 10
0.122678 -0.0321608 1.82748 0.126822 10
-0.110487 -0.0622602 1.82953 0.126822 10
0.122525 -0.0327368 1.83157 0.126822 10
-0.111068 -0.0612197 1.83362 0.126822 10
-0.111353 -0.0606971 1.83566 0.126822 10
0.122369 -0.0333118 1.83771 0.126822 10
-0.111918 -0.0596485 1.83975 0.126822 10
0.122211 -0.0338864 1.8418 0.126822 10
-0.112474 -0.0585942 1.84384 0.126822 10
0.122051 -0.0344601 1.84589 0.126822 10
-0.11302 -0.0575352 1.84794 0.126822 10
-0.11329 -0.057004 1.84998 0.126822 10
0.121888 -0.0350327 1.85203 0.126822 10
-0.113819 -0.0559368 1.85407 0.126822 10
0.121722 -0.035605 1.85612 0.126822 10
-0.11434 -0.0548654 1.85816 0.126822 10
0.121553 -0.0361762 1.86021 0.126822 10
-0.114849 -0.0537887 1.86225 0.126822 10
0.121382 -0.036747 1.8643 0.126822 10
-0.11535 -0.0527077 1.86634 0.126822 10
-0.115596 -0.052165 1.86839 0.126822 10
0.121208 -0.0373163 1.87043 0.126822 10
-0.116081 -0.0510769 1.87248 0.126822 10
0.121032 -0.0378857 1.87452 0.126822 10
-0.116556 -0.049984 1.87657 0.126822 10
0.120852 -0.0384536 1.87862 0.126822 10
-0.117021 -0.0488868 1.88066 0.126822 10
-0.117249 -0.048337 1.88271 0.126822 10
0.12067 -0.039021 1.88475 0.126822 10
-0.117699 -0.0472331 1.8868 0.126822 10
0.120486 -0.039587 1.88884 0.126822 10
-0.118136 -0.0461254 1.89089 0.126822 10
0.120298 -0.040153 1.89293 0.126822 10
-0.118566 -0.0450134 1.89498 0.126822 10
-0.118775 -0.044456 1.89702 0.126822 10
0.120109 -0.0407171 1.89907 0.126822 10
-0.119186 -0.0433383 1.90111 0.126822 10
0.119915 -0.0412812 1.90316 0.126822 10
-0.119589 -0.0422168 1.9052 0.126822 10
0.11972 -0.0418439 1.90725 0.126822 10
-0.11998 -0.0410914 1.90929 0.126822 10
0.119523 -0.0424061 1.91134 0.126822 10
-0.120361 -0.0399623 1.91339 0.126822 10
-0.120547 -0.0393968 1.91543 0.126822 10
0.119323 -0.0429664 1.91748 0.126822 10
-0.120912 -0.0382624 1.91952 0.126822 10
0.11912 -0.0435266 1.92157 0.126822 10
-0.121266 -0.0371251 1.92361 0.126822 10
0.118914 -0.0440855 1.92566 0.126822 10
-0.12161 -0.035984 1.9277 0.126822 10
-0.121778 -0.0354123 1.92975 0.126822 10
0.118706 -0.0446439 1.93179 0.126822 10
-0.122105 -0.0342669 1.93384 0.126822 10
0.118494 -0.0452008 1.93588 0.126822 10
-0.122421 -0.0331187 1.93793 0.126822 10
0.11828 -0.0457568 1.93997 0.126822 10
-0.122727 -0.0319667 1.94202 0.126822 10
0.118064 -0.0463119 1.94406 0.126822 10
-0.123021 -0.0308127 1.94611 0.126822 10
-0.123165 -0.0302343 1.94816 0.126822 10
0.117846 -0.0468659 1.9502 0.126822 10
-0.123445 -0.0290761 1.95225 0.126822 10
0.117624 -0.0474191 1.95429 0.126822 10
-0.123711 -0.027915 1.95634 0.126822 10
0.1174 -0.0479712 1.95838 0.126822 10
-0.123967 -0.0267515 1.96043 0.126822 10
-0.124092 -0.0261693 1.96247 0.126822 10
0.117173 -0.048522 1.96452 0.126822 10
-0.124332 -0.0250025 1.96656 0.126822 10
0.116944 -0.0490718 1.96861 0.126822 10
-0.124561 -0.0238333 1.97065 0.126822 10
0.116713 -0.0496206 1.9727 0.126822 10
-0.124781 -0.0226622 1.97474 0.126822 10
-0.124886 -0.0220757 1.97679 0.126822 10
0.116478 -0.050168 1.97884 0.126822 10
-0.125088 -0.0209012 1.98088 0.126822 10
0.116241 -0.0507145 1.98293 0.126822 10
-0.125278 -0.0197253 1.98497 0.126822 10
0.116001 -0.05126 1.98702 0.126822 10
-0.125458 -0.0185475 1.98906 0.126822 10
0.115759 -0.0518045 1.99111 0.126822 10
-0.125627 -0.0173683 1.99315 0.126822 10
-0.125707 -0.016778 1.9952 0.126822 10
0.115515 -0.0523477 1.99724 0.126822 10
-0.125859 -0.0155964 1.99929 0.126822 10
0.115267 -0.0528893 2.00133 0.126822 10
-0.126 -0.0144134 2.00338 0.126822 10
0.115019 -0.0534306 2.00542 0.126822 10
-0.12613 -0.0132289 2.00747 0.126822 10
-0.12619 -0.0126362 2.00951 0.126822 10
0.114766 -0.0539703 2.01156 0.126822 10
-0.126304 -0.0114503 2.01361 0.126822 10
0.114511 -0.0545087 2.01565 0.126822 10
-0.126406 -0.0102634 2.0177 0.126822 10
0.114254 -0.0550461 2.01974 0.126822 10
-0.126496 -0.00907516 2.02179 0.126822 10
0.113995 -0.055582 2.02383 0.126822 10
-0.126576 -0.00788689 2.02588 0.126822 10
-0.126612 -0.00729179 2.02792 0.126822 10
0.113731 -0.0561166 2.02997 0.126822 10
-0.126675 -0.00610209 2.03201 0.126822 10
0.113467 -0.0566502 2.03406 0.126822 10
-0.126726 -0.0049119 2.0361 0.126822 10
0.113199 -0.0571823 2.03815 0.126822 10
-0.126767 -0.00372124 2.04019 0.126822 10
-0.126783 -0.00312567 2.04224 0.126822 10
0.11293 -0.057714 2.04429 0.126822 10
-0.126807 -0.00193453 2.04633 0.126822 10
0.112658 -0.0582438 2.04838 0.126822 10
-0.12682 -0.000743389 2.05042 0.126822 10
0.112382 -0.0587721 2.05247 0.126822 10
-0.126821 0.000448227 2.05451 0.126822 10
-0.126818 0.0010438 2.05656 0.126822 10
0.112105 -0.0592995 2.0586 0.126822 10
-0.126801 0.00223494 2.06065 0.126822 10
0.111825 -0.0598254 2.06269 0.126822 10
-0.126776 0.00342607 2.06474 0.126822 10
0.111543 -0.0603499 2.06678 0.126822 10
-0.126738 0.00461674 2.06883 0.126822 10
0.111259 -0.060873 2.07087 0.126822 10
-0.126689 0.0058074 2.07292 0.126822 10
-0.12666 0.00640249 2.07496 0.126822 10
0.11097 -0.0613952 2.07701 0.126822 10
-0.126595 0.00759172 2.07906 0.126822 10
0.110682 -0.0619154 2.0811 0.126822 10
-0.126517 0.00878096 2.08315 0.126822 10
0.11039 -0.0624347 2.08519 0.126822 10
-0.12643 0.00996923 2.08724 0.126822 10
-0.126381 0.0105629 2.08928 0.126822 10
0.110096 -0.0629525 2.09133 0.126822 10
-0.126277 0.0117493 2.09337 0.126822 10
0.109798 -0.0634689 2.09542 0.126822 10
-0.12616 0.0129356 2.09746 0.126822 10
0.109499 -0.0639839 2.09951 0.126822 10
-0.126033 0.0141201 2.10155 0.126822 10
-0.125965 0.0147119 2.1036 0.126822 10
0.109198 -0.0644979 2.10564 0.126822 10
-0.125822 0.0158944 2.10769 0.126822 10
0.108893 -0.0650096 2.10974 0.126822 10
-0.125667 0.0170755 2.11178 0.126822 10
0.108586 -0.0655208 2.11383 0.126822 10
-0.125501 0.0182557 2.11587 0.126822 10
0.108277 -0.06603 2.11792 0.126822 10
-0.125323 0.019434 2.11996 0.126822 10
-0.125231 0.0200219 2.12201 0.126822 10
0.107966 -0.0665379 2.12405 0.126822 10
-0.125037 0.0211978 2.1261 0.126822 10
0.107653 -0.0670438 2.12814 0.126822 10
-0.124833 0.0223713 2.13019 0.126822 10
0.107336 -0.0675492 2.13223 0.126822 10
-0.124618 0.0235429 2.13428 0.126822 10
-0.124506 0.024128 2.13632 0.126822 10
0.107017 -0.0680528 2.13837 0.126822 10
-0.124273 0.0252967 2.14041 0.126822 10
0.106696 -0.0685544 2.14246 0.126822 10
-0.124031 0.026463 2.14451 0.126822 10
0.106374 -0.0690551 2.14655 0.126822 10
-0.123776 0.027627 2.1486 0.126822 10
0.106049 -0.0695539 2.15064 0.126822 10
-0.123511 0.0287886 2.15269 0.126822 10
-0.123375 0.0293684 2.15473 0.126822 10
0.105721 -0.0700512 2.15678 0.126822 10
-0.123094 0.0305262 2.15882 0.126822 10
0.105391 -0.0705466 2.16087 0.126822 10
-0.122801 0.0316811 2.16291 0.126822 10
0.105058 -0.0710411 2.16496 0.126822 10
-0.122498 0.0328331 2.167 0.126822 10
-0.122342 0.0334082 2.16905 0.126822 10
0.104722 -0.0715337 2.17109 0.126822 10
-0.122023 0.0345559 2.17314 0.126822 10
0.104385 -0.0720248 2.17518 0.126822 10
-0.121693 0.0357008 2.17723 0.126822 10
0.104047 -0.0725145 2.17928 0.126822 10
-0.121352 0.0368428 2.18132 0.126822 10
-0.121178 0.0374122 2.18337 0.126822 10
0.103704 -0.0730023 2.18541 0.126822 10
-0.120821 0.0385489 2.18746 0.126822 10
0.10336 -0.0734887 2.1895 0.126822 10
-0.120454 0.0396819 2.19155 0.126822 10
0.103014 -0.0739732 2.19359 0.126822 10
-0.120076 0.040812 2.19564 0.126822 10
0.102665 -0.0744562 2.19768 0.126822 10
-0.119687 0.0419378 2.19973 0.126822 10
-0.119489 0.0425 2.20177 0.126822 10
0.102316 -0.0749378 2.20382 0.126822 10
-0.119084 0.0436206 2.20586 0.126822 10
0.101962 -0.0754175 2.20791 0.126822 10
-0.11867 0.0447373 2.20995 0.126822 10
0.101606 -0.0758958 2.212 0.126822 10
-0.118243 0.0458503 2.21405 0.126822 10
-0.118027 0.0464048 2.21609 0.126822 10
0.101249 -0.0763721 2.21814 0.126822 10
-0.117585 0.0475116 2.22018 0.126822 10
0.100889 -0.0768471 2.22223 0.126822 10
-0.117134 0.048614 2.22427 0.126822 10
0.100527 -0.0773196 2.22632 0.126822 10
-0.116672 0.0497122 2.22836 0.126822 10
-0.116438 0.0502601 2.23041 0.126822 10
0.100163 -0.0777912 2.23245 0.126822 10
-0.11596 0.0513515 2.2345 0.126822 10
0.0997953 -0.0782604 2.23654 0.126822 10
-0.115473 0.0524387 2.23859 0.126822 10
0.0994272 -0.0787287 2.24063 0.126822 10
-0.114975 0.0535212 2.24268 0.126822 10
0.0990562 -0.079195 2.24473 0.126822 10
-0.114467 0.0545988 2.24677 0.126822 10
-0.114209 0.0551357 2.24882 0.126822 10
0.0986834 -0.079659 2.25086 0.126822 10
-0.113687 0.0562067 2.25291 0.126822 10
0.0983076 -0.080122 2.25495 0.126822 10
-0.113153 0.057272 2.257 0.126822 10
0.0979309 -0.0805826 2.25904 0.126822 10
-0.11261 0.0583324 2.26109 0.126822 10
-0.112334 0.0588608 2.26313 0.126822 10
0.0975513 -0.0810418 2.26518 0.126822 10
-0.111777 0.0599132 2.26722 0.126822 10
0.0971689 -0.0814996 2.26927 0.126822 10
-0.111209 0.0609608 2.27131 0.126822 10
0.0967855 -0.0819545 2.27336 0.126822 10
-0.110632 0.0620027 2.2754 0.126822 10
0.0963993 -0.0824084 2.27745 0.126822 10
-0.110044 0.0630398 2.2795 0.126822 10
-0.109747 0.0635557 2.28154 0.126822 10
0.0960112 -0.08286 2.28359 0.126822 10
-0.109145 0.0645838 2.28563 0.126822 10
0.0956202 -0.0833106 2.28768 0.126822 10
-0.108534 0.0656066 2.28972 0.126822 10
0.0952282 -0.0837588 2.29177 0.126822 10
-0.107913 0.0666227 2.29381 0.126822 10
-0.107598 0.0671291 2.29586 0.126822 10
0.0948334 -0.0842047 2.2979 0.126822 10
-0.106963 0.0681367 2.29995 0.126822 10
0.0944376 -0.0846496 2.30199 0.126822 10
-0.106318 0.0691385 2.30404 0.126822 10
0.094038 -0.0850921 2.30608 0.126822 10
-0.105664 0.0701346 2.30813 0.126822 10
-0.105333 0.0706296 2.31018 0.126822 10
0.0936384 -0.0855327 2.31222 0.126822 10
-0.104665 0.0716162 2.31427 0.126822 10
0.093235 -0.0859718 2.31631 0.126822 10
-0.103988 0.0725965 2.31836 0.126822 10
0.0928307 -0.0864086 2.3204 0.126822 10
-0.103302 0.0735703 2.32245 0.126822 10
0.0924234 -0.086844 2.32449 0.126822 10
-0.102606 0.0745378 2.32654 0.126822 10
-0.102255 0.0750184 2.32858 0.126822 10
0.0920143 -0.0872769 2.33063 0.126822 10
-0.101545 0.0759754 2.33267 0.126822 10
0.0916033 -0.0877085 2.33472 0.126822 10
-0.100827 0.0769267 2.33676 0.126822 10
0.0911913 -0.0881376 2.33881 0.126822 10
-0.1001 0.0778699 2.34085 0.126822 10
-0.0997324 0.0783396 2.3429 0.126822 10
0.0907755 -0.0885649 2.34495 0.126822 10
-0.0989923 0.0792727 2.34699 0.126822 10
0.0903587 -0.0889902 2.34904 0.126822 10
-0.0982437 0.0801992 2.35108 0.126822 10
0.0899391 -0.0894141 2.35313 0.126822 10
-0.129982 0.108159 2.35517 0.169096 10
0.119358 -0.11978 2.35722 0.169096 10
-0.12896 0.109375 2.35926 0.169096 10
-0.128445 0.109979 2.36131 0.169096 10
0.118794 -0.120339 2.36335 0.169096 10
-0.127405 0.111181 2.3654 0.169096 10
0.118228 -0.120896 2.36744 0.169096 10
-0.126356 0.112373 2.36949 0.169096 10
0.117658 -0.12145 2.37153 0.169096 10
-0.125295 0.113555 2.37358 0.169096 10
-0.12476 0.114142 2.37562 0.169096 10
0.117086 -0.122002 2.37767 0.169096 10
-0.123682 0.115309 2.37972 0.169096 10
0.116513 -0.12255 2.38176 0.169096 10
-0.122593 0.116466 2.38381 0.169096 10
0.115935 -0.123096 2.38585 0.169096 10
-0.121493 0.117613 2.3879 0.169096 10
-0.120939 0.118182 2.38994 0.169096 10
0.115356 -0.123639 2.39199 0.169096 10
-0.119823 0.119313 2.39403 0.169096 10
0.114775 -0.12418 2.39608 0.169096 10
-0.118697 0.120433 2.39812 0.169096 10
0.114189 -0.124718 2.40017 0.169096 10
-0.117561 0.121543 2.40221 0.169096 10
0.113602 -0.125253 2.40426 0.169096 10
-0.116415 0.122642 2.4063 0.169096 10
-0.115837 0.123188 2.40835 0.169096 10
0.113012 -0.125784 2.4104 0.169096 10
-0.114675 0.12427 2.41244 0.169096 10
0.11242 -0.126314 2.41449 0.169096 10
-0.113503 0.125341 2.41653 0.169096 10
0.111826 -0.126841 2.41858 0.169096 10
-0.11232 0.126403 2.42062 0.169096 10
-0.111725 0.126929 2.42267 0.169096 10
0.111229 -0.127365 2.42471 0.169096 10
-0.110527 0.127973 2.42676 0.169096 10
0.11063 -0.127886 2.4288 0.169096 10
-0.10932 0.129005 2.43085 0.169096 10
0.110028 -0.128404 2.43289 0.169096 10
-0.108104 0.130026 2.43494 0.169096 10
-0.107492 0.130533 2.43698 0.169096 10
0.109424 -0.128919 2.43903 0.169096 10
-0.10626 0.131537 2.44107 0.169096 10
0.108816 -0.129432 2.44312 0.169096 10
-0.10502 0.132529 2.44517 0.169096 10
0.108207 -0.129941 2.44721 0.169096 10
-0.103771 0.133511 2.44926 0.169096 10
0.107596 -0.130448 2.4513 0.169096 10
-0.102511 0.134479 2.45335 0.169096 10
-0.101879 0.134959 2.45539 0.169096 10
0.106982 -0.130952 2.45744 0.169096 10
-0.100607 0.135911 2.45948 0.169096 10
0.106365 -0.131454 2.46153 0.169096 10
-0.0993261 0.136849 2.46357 0.169096 10
0.105747 -0.131952 2.46562 0.169096 10
-0.0980349 0.137777 2.46766 0.169096 10
-0.0973873 0.138236 2.46971 0.169096 10
0.105126 -0.132447 2.47175 0.169096 10
-0.0960846 0.139144 2.4738 0.169096 10
0.104503 -0.132939 2.47585 0.169096 10
-0.0947733 0.140041 2.47789 0.169096 10
0.103876 -0.133429 2.47994 0.169096 10
-0.0934534 0.140925 2.48198 0.169096 10
0.10325 -0.133915 2.48403 0.169096 10
-0.0921249 0.141797 2.48607 0.169096 10
-0.0914593 0.142228 2.48812 0.169096 10
0.102619 -0.134398 2.49016 0.169096 10
-0.0901184 0.143081 2.49221 0.169096 10
0.101987 -0.134879 2.49425 0.169096 10
-0.0887699 0.143921 2.4963 0.169096 10
0.101352 -0.135356 2.49834 0.169096 10
-0.0874147 0.144749 2.50039 0.169096 10
-0.0867338 0.145158 2.50243 0.169096 10
0.100715 -0.135831 2.50448 0.169096 10
-0.0853653 0.145966 2.50652 0.169096 10
0.100076 -0.136302 2.50857 0.169096 10
-0.0839911 0.146762 2.51062 0.169096 10
0.0994339 -0.136771 2.51266 0.169096 10
-0.0826082 0.147544 2.51471 0.169096 10
-0.0819149 0.147931 2.51675 0.169096 10
0.0987911 -0.137237 2.5188 0.169096 10
-0.0805216 0.148694 2.52084 0.169096 10
0.0981455 -0.137699 2.52289 0.169096 10
-0.0791206 0.149444 2.52493 0.169096 10
0.0974979 -0.138159 2.52698 0.169096 10
-0.077714 0.15018 2.52902 0.169096 10
0.0968475 -0.138615 2.53107 0.169096 10
-0.0762997 0.150903 2.53311 0.169096 10
-0.0755892 0.15126 2.53516 0.169096 10
0.0961952 -0.139069 2.5372 0.169096 10
-0.0741653 0.151964 2.53925 0.169096 10
0.095541 -0.139519 2.54129 0.169096 10
-0.0727339 0.152653 2.54334 0.169096 10
0.0948849 -0.139966 2.54539 0.169096 10
-0.0712976 0.15333 2.54743 0.169096 10
-0.0705767 0.153663 2.54948 0.169096 10
0.0942259 -0.14041 2.55152 0.169096 10
-0.0691299 0.15432 2.55357 0.169096 10
0.0935659 -0.140851 2.55561 0.169096 10
-0.0676775 0.154962 2.55766 0.169096 10
0.0929031 -0.141289 2.5597 0.169096 10
-0.0662184 0.155591 2.56175 0.169096 10
-0.0654869 0.1559 2.56379 0.169096 10
0.0922384 -0.141724 2.56584 0.169096 10
-0.0640192 0.156509 2.56788 0.169096 10
0.0915709 -0.142156 2.56993 0.169096 10
-0.0625458 0.157104 2.57197 0.169096 10
0.0909023 -0.142584 2.57402 0.169096 10
-0.076334 0.197105 2.57607 0.21137 10
0.112791 -0.178762 2.57811 0.21137 10
-0.0744801 0.197813 2.58016 0.21137 10
-0.0735502 0.198161 2.5822 0.21137 10
0.11195 -0.17929 2.58425 0.21137 10
-0.0716848 0.198843 2.58629 0.21137 10
0.111106 -0.179814 2.58834 0.21137 10
-0.0698137 0.199508 2.59038 0.21137 10
0.11026 -0.180334 2.59243 0.21137 10
-0.0679359 0.200155 2.59447 0.21137 10
-0.0669947 0.200472 2.59652 0.21137 10
0.109412 -0.18085 2.59856 0.21137 10
-0.0651093 0.201092 2.60061 0.21137 10
0.108562 -0.181362 2.60265 0.21137 10
-0.0632172 0.201695 2.6047 0.21137 10
0.107708 -0.18187 2.60674 0.21137 10
-0.0613203 0.20228 2.60879 0.21137 10
0.106853 -0.182374 2.61084 0.21137 10
-0.0594168 0.202847 2.61288 0.21137 10
-0.0584631 0.203124 2.61493 0.21137 10
0.105994 -0.182873 2.61697 0.21137 10
-0.0565529 0.203665 2.61902 0.21137 10
0.105135 -0.183369 2.62106 0.21137 10
-0.054637 0.204186 2.62311 0.21137 10
0.104273 -0.183861 2.62515 0.21137 10
-0.0527172 0.204691 2.6272 0.21137 10
-0.051755 0.204936 2.62924 0.21137 10
0.103408 -0.184349 2.63129 0.21137 10
-0.0498266 0.205413 2.63333 0.21137 10
0.10254 -0.184833 2.63538 0.21137 10
-0.0478945 0.205873 2.63742 0.21137 10
0.10167 -0.185312 2.63947 0.21137 10
-0.0459585 0.206313 2.64152 0.21137 10
-0.0449886 0.206527 2.64356 0.21137 10
0.100799 -0.185787 2.64561 0.21137 10
-0.043047 0.20694 2.64765 0.21137 10
0.099926 -0.186259 2.6497 0.21137 10
-0.0411005 0.207335 2.65174 0.21137 10
0.0990496 -0.186726 2.65379 0.21137 10
-0.0391521 0.207713 2.65583 0.21137 10
0.0981722 -0.18719 2.65788 0.21137 10
-0.0371981 0.208071 2.65992 0.21137 10
-0.0362206 0.208244 2.66197 0.21137 10
0.097291 -0.187648 2.66401 0.21137 10
-0.0342627 0.208574 2.66606 0.21137 10
0.0964088 -0.188103 2.6681 0.21137 10
-0.0323019 0.208887 2.67015 0.21137 10
0.0955238 -0.188554 2.67219 0.21137 10
-0.0303392 0.209182 2.67424 0.21137 10
-0.029355 0.209322 2.67629 0.21137 10
0.0946379 -0.189001 2.67833 0.21137 10
-0.0273867 0.209589 2.68038 0.21137 10
0.093749 -0.189443 2.68242 0.21137 10
-0.0254183 0.209836 2.68447 0.21137 10
0.0928574 -0.189881 2.68651 0.21137 10
-0.0234451 0.210066 2.68856 0.21137 10
0.0919647 -0.190315 2.6906 0.21137 10
-0.0257654 0.252332 2.69265 0.253644 10
-0.024579 0.25245 2.69469 0.253644 10
0.109284 -0.228894 2.69674 0.253644 10
-0.0222073 0.25267 2.69878 0.253644 10
0.108207 -0.229405 2.70083 0.253644 10
-0.0198317 0.252868 2.70287 0.253644 10
0.107129 -0.229911 2.70492 0.253644 10
-0.0174561 0.253043 2.70696 0.253644 10
-0.0162668 0.253122 2.70901 0.253644 10
0.106047 -0.230412 2.71106 0.253644 10
-0.0138893 0.253263 2.7131 0.253644 10
0.104965 -0.230907 2.71515 0.253644 10
-0.011508 0.253383 2.71719 0.253644 10
0.103879 -0.231398 2.71924 0.253644 10
-0.00912762 0.253479 2.72128 0.253644 10
-0.00793743 0.25352 2.72333 0.253644 10
0.10279 -0.231883 2.72537 0.253644 10
-0.00555515 0.253583 2.72742 0.253644 10
0.1017 -0.232363 2.72946 0.253644 10
-0.00317287 0.253624 2.73151 0.253644 10
0.100608 -0.232838 2.73355 0.253644 10
-0.000790596 0.253643 2.7356 0.253644 10
0.0995131 -0.233308 2.73764 0.253644 10
0.00159264 0.253639 2.73969 0.253644 10
0.00278473 0.253629 2.74173 0.253644 10
0.0984154 -0.233773 2.74378 0.253644 10
0.00516701 0.253591 2.74583 0.253644 10
0.0973167 -0.234233 2.74787 0.253644 10
0.00754833 0.253532 2.74992 0.253644 10
0.0962152 -0.234687 2.75196 0.253644 10
0.00993061 0.25345 2.75401 0.253644 10
0.0111208 0.253401 2.75605 0.253644 10
0.0951128 -0.235137 2.7581 0.253644 10
0.0135002 0.253285 2.76014 0.253644 10
0.0940065 -0.235581 2.76219 0.253644 10
0.0158796 0.253147 2.76423 0.253644 10
0.0928984 -0.23602 2.76628 0.253644 10
0.0212984 0.295151 2.76832 0.295918 10
0.0226851 0.295047 2.77037 0.295918 10
0.107087 -0.275863 2.77241 0.295918 10
0.0254555 0.294821 2.77446 0.295918 10
0.105791 -0.276363 2.77651 0.295918 10
0.0282249 0.294569 2.77855 0.295918 10
0.104491 -0.276856 2.7806 0.295918 10
0.0309906 0.294291 2.78264 0.295918 10
0.103189 -0.277344 2.78469 0.295918 10
0.0337534 0.293987 2.78673 0.295918 10
0.0351343 0.293825 2.78878 0.295918 10
0.101886 -0.277826 2.79082 0.295918 10
0.0378923 0.293483 2.79287 0.295918 10
0.10058 -0.278301 2.79491 0.295918 10
0.0406485 0.293113 2.79696 0.295918 10
0.0992708 -0.278771 2.799 0.295918 10
0.0433998 0.292718 2.80105 0.295918 10
0.0447741 0.292511 2.80309 0.295918 10
0.0979605 -0.279234 2.80514 0.295918 10
0.0475197 0.292078 2.80718 0.295918 10
0.0966482 -0.279691 2.80923 0.295918 10
0.0502625 0.291619 2.81128 0.295918 10
0.0953341 -0.280142 2.81332 0.295918 10
0.0529995 0.291134 2.81537 0.295918 10
0.0940161 -0.280586 2.81741 0.295918 10
0.063693 0.33214 2.81946 0.338192 10
0.0652533 0.331838 2.8215 0.338192 10
0.10594 -0.321171 2.82355 0.338192 10
0.068367 0.33121 2.82559 0.338192 10
0.10443 -0.321666 2.82764 0.338192 10
0.0714769 0.330553 2.82968 0.338192 10
0.102919 -0.322152 2.83173 0.338192 10
0.0745783 0.329867 2.83377 0.338192 10
0.0761271 0.329514 2.83582 0.338192 10
0.101403 -0.322632 2.83786 0.338192 10
0.0792189 0.328784 2.83991 0.338192 10
0.0998869 -0.323105 2.84196 0.338192 10
0.082304 0.328024 2.844 0.338192 10
0.0983686 -0.32357 2.84605 0.338192 10
0.0853806 0.327237 2.84809 0.338192 10
0.0869179 0.326832 2.85014 0.338192 10
0.0968475 -0.324029 2.85218 0.338192 10
0.0899839 0.326001 2.85423 0.338192 10
0.0953245 -0.324481 2.85627 0.338192 10
0.104673 0.365785 2.85832 0.380466 10
0.105523 -0.36554 2.86036 0.380466 10
0.108105 0.364785 2.86241 0.380466 10
0.103806 -0.366032 2.86445 0.380466 10
0.111526 0.363753 2.8665 0.380466 10
0.113235 0.363225 2.86854 0.380466 10
0.102085 -0.366515 2.87059 0.380466 10
0.116641 0.362145 2.87263 0.380466 10
0.100363 -0.366991 2.87468 0.380466 10
0.120038 0.361034 2.87673 0.380466 10
0.0986376 -0.367458 2.87877 0.380466 10
0.123425 0.35989 2.88082 0.380466 10
0.125113 0.359307 2.88286 0.380466 10
0.0969105 -0.367918 2.88491 0.380466 10
0.142759 0.397906 2.88695 0.422741 10
0.105757 -0.409298 2.889 0.422741 10
0.146491 0.396548 2.89104 0.422741 10
0.103833 -0.409791 2.89309 0.422741 10
0.150209 0.395154 2.89513 0.422741 10
0.152064 0.394444 2.89718 0.422741 10
0.101908 -0.410274 2.89922 0.422741 10
0.155763 0.392998 2.90127 0.422741 10
0.0999794 -0.410748 2.90331 0.422741 10
0.159448 0.391518 2.90536 0.422741 10
0.0980482 -0.411213 2.9074 0.422741 10
0.179432 0.429003 2.90945 0.465015 10
0.105728 -0.452836 2.9115 0.465015 10
0.183454 0.427298 2.91354 0.465015 10
0.185458 0.426432 2.91559 0.465015 10
0.1036 -0.453327 2.91763 0.465015 10
0.189456 0.424671 2.91968 0.465015 10
0.101468 -0.453809 2.92172 0.465015 10
0.193438 0.422872 2.92377 0.465015 10
0.0993366 -0.454281 2.92581 0.465015 10
0.215346 0.459312 2.92786 0.507289 10
0.217502 0.458296 2.9299 0.507289 10
0.106038 -0.496083 2.93195 0.507289 10
0.221797 0.456233 2.93399 0.507289 10
0.103706 -0.496575 2.93604 0.507289 10
0.226073 0.454129 2.93808 0.507289 10
0.101374 -0.497057 2.94013 0.507289 10
0.230329 0.451985 2.94218 0.507289 10
0.0990372 -0.497527 2.94422 0.507289 10
0.254112 0.487285 2.94627 0.549563 10
0.256398 0.486085 2.94831 0.549563 10
0.104757 -0.539486 2.95036 0.549563 10
0.260953 0.483656 2.9524 0.549563 10
0.102222 -0.539972 2.95445 0.549563 10
0.265485 0.481183 2.95649 0.549563 10
0.0996847 -0.540446 2.95854 0.549563 10
0.290763 0.515488 2.96058 0.591837 10
0.29318 0.514117 2.96263 0.591837 10
0.104617 -0.582517 2.96467 0.591837 10
0.297997 0.511339 2.96672 0.591837 10
0.10188 -0.583002 2.96876 0.591837 10
0.324415 0.54484 2.97081 0.634111 10
0.106222 -0.625151 2.97285 0.634111 10
0.32952 0.541769 2.9749 0.634111 10
0.332062 0.540215 2.97695 0.634111 10
0.103285 -0.625643 2.97899 0.634111 10
0.359595 0.572876 2.98104 0.676385 10
0.107034 -0.667862 2.98308 0.676385 10
0.364962 0.569473 2.98513 0.676385 10
0.103897 -0.668358 2.98717 0.676385 10
0.393438 0.601396 2.98922 0.718659 10
0.107052 -0.710641 2.99126 0.718659 10
0.399071 0.597673 2.99331 0.718659 10
0.401874 0.595792 2.99535 0.718659 10
0.103714 -0.711136 2.9974 0.718659 10
0.431421 0.626813 2.99944 0.760933 10
0.106277 -0.753475 3.00149 0.760933 10
0.461584 0.65733 3.00353 0.803207 10
0.108444 -0.795853 3.00558 0.803207 10
0.467738 0.652965 3.00763 0.803207 10
0.470801 0.65076 3.00967 0.803207 10
0.104704 -0.796353 3.01172 0.803207 10
0.501992 0.680325 3.01376 0.845481 10
0.106277 -0.838775 3.01581 0.845481 10
0.53378 0.709358 3.01785 0.887755 10
0.107452 -0.881228 3.0199 0.887755 10
0.566154 0.737851 3.02194 0.930029 10
0.108232 -0.92371 3.02399 0.930029 10
0.599109 0.765796 3.02603 0.972303 10
0.602699 0.762973 3.02808 0.972303 10
0.108613 -0.966218 3.03012 0.972303 10
0.662869 0.823128 3.03217 1.05685 10
0.113124 -1.05078 3.03421 1.05685 10
0.697395 0.849539 3.03626 1.09913 10
0.112514 -1.09335 3.0383 1.09913 10
0.732474 0.875371 3.04035 1.1414 10
0.736578 0.871921 3.0424 1.1414 10
0.111508 -1.13594 3.04444 1.1414 10
0.799903 0.929034 3.04649 1.22595 10
0.114036 -1.22063 3.04853 1.22595 10
0.864359 0.985029 3.05058 1.3105 10
0.115769 -1.30537 3.05262 1.3105 10
0.958115 1.0714 3.05467 1.43732 10
0.963136 1.06689 3.05671 1.43732 10
0.120247 -1.43228 3.05876 1.43732 10
1.03036 1.12002 3.0608 1.52187 10
0.120195 -1.51711 3.06285 1.52187 10
1.12757 1.20281 3.06489 1.64869 10
0.12249 -1.64413 3.06694 1.64869 10
2.39444 2.50661 3.06898 3.46647 10
0.241302 -3.45806 3.07103 3.46647 10
2.41788 2.484 3.07307 3.46647 10
2.42952 2.47262 3.07512 3.46647 10
0.225058 -3.45916 3.07717 3.46647 10
2.45264 2.44968 3.07921 3.46647 10
0.208807 -3.46017 3.08126 3.46647 10
2.47555 2.42654 3.0833 3.46647 10
0.192553 -3.46112 3.08535 3.46647 10
2.49823 2.40317 3.08739 3.46647 10
2.5095 2.39141 3.08944 3.46647 10
0.176292 -3.46198 3.09148 3.46647 10
2.53185 2.36773 3.09353 3.46647 10
0.160028 -3.46277 3.09557 3.46647 10
2.55398 2.34384 3.09762 3.46647 10
0.143763 -3.46349 3.09966 3.46647 10
2.57588 2.31975 3.10171 3.46647 10
2.58675 2.30762 3.10375 3.46647 10
0.127493 -3.46412 3.1058 3.46647 10
3.05364 2.67304 3.10785 4.05831 10
0.130209 -4.05622 3.10989 4.05831 10
5.2593 4.51723 3.11194 6.93294 10
0.189887 -6.93034 3.11398 6.93294 10
0 0 3.11603 0 -1
-14.3685 -4.23631 3.11807 0 -1
0 0 3.12012 0 -1
0 0 3.12216 0 -1
-14.3685 -4.23631 3.12421 0 -1
0 0 3.12625 0 -1
-14.3685 -4.23631 3.1283 0 -1
0 0 3.13034 0 -1
-14.3685 -4.23631 3.13239 0 -1
0 0 3.13443 0 -1
0 0 3.13648 0 -1
-14.3685 -4.23631 3.13852 0 -1
0 0 3.14057 0 -1
-14.3685 -4.23631 3.14262 0 -1
0 0 3.14466 0 -1
-14.3685 -4.23631 3.14671 0 -1
0 0 3.14875 0 -1
-14.3685 -4.23631 3.1508 0 -1
0 0 3.15284 0 -1
0 0 3.15489 0 -1
-14.3685 -4.23631 3.15693 0 -1
0 0 3.15898 0 -1
-14.3685 -4.23631 3.16102 0 -1
0 0 3.16307 0 -1
-14.3685 -4.23631 3.16511 0 -1
0 0 3.16716 0 -1
0 0 3.1692 0 -1
-14.3685 -4.23631 3.17125 0 -1
0 0 3.1733 0 -1
-14.3685 -4.23631 3.17534 0 -1
0 0 3.17739 0 -1
-14.3685 -4.23631 3.17943 0 -1
0 0 3.18148 0 -1
0 0 3.18352 0 -1
-14.3685 -4.23631 3.18557 0 -1
0 0 3.18761 0 -1
-14.3685 -4.23631 3.18966 0 -1
0 0 3.1917 0 -1
-14.3685 -4.23631 3.19375 0 -1
0 0 3.19579 0 -1
-14.3685 -4.23631 3.19784 0 -1
0 0 3.19988 0 -1
0 0 3.20193 0 -1
-14.3685 -4.23631 3.20397 0 -1
0 0 3.20602 0 -1
-14.3685 -4.23631 3.20807 0 -1
0 0 3.21011 0 -1
-14.3685 -4.23631 3.21216 0 -1
0 0 3.2142 0 -1
0 0 3.21625 0 -1
-14.3685 -4.23631 3.21829 0 -1
0 0 3.22034 0 -1
-14.3685 -4.23631 3.22238 0 -1
0 0 3.22443 0 -1
-14.3685 -4.23631 3.22647 0 -1
0 0 3.22852 0 -1
0 0 3.23056 0 -1
-14.3685 -4.23631 3.23261 0 -1
0 0 3.23465 0 -1
-14.3685 -4.23631 3.2367 0 -1
0 0 3.23874 0 -1
-14.3685 -4.23631 3.24079 0 -1
0 0 3.24284 0 -1
-14.3685 -4.23631 3.24488 0 -1
0 0 3.24693 0 -1
0 0 3.24897 0 -1
-14.3685 -4.23631 3.25102 0 -1
0 0 3.25306 0 -1
-14.3685 -4.23631 3.25511 0 -1
0 0 3.25715 0 -1
-14.3685 -4.23631 3.2592 0 -1
0 0 3.26124 0 -1
0 0 3.26329 0 -1
-14.3685 -4.23631 3.26533 0 -1
0 0 3.26738 0 -1
-14.3685 -4.23631 3.26942 0 -1
0 0 3.27147 0 -1
-14.3685 -4.23631 3.27351 0 -1
0 0 3.27556 0 -1
-14.3685 -4.23631 3.27761 0 -1
0 0 3.27965 0 -1
0 0 3.2817 0 -1
-14.3685 -4.23631 3.28374 0 -1
0 0 3.28579 0 -1
-14.3685 -4.23631 3.28783 0 -1
0 0 3.28988 0 -1
-14.3685 -4.23631 3.29192 0 -1
0 0 3.29397 0 -1
0 0 3.29601 0 -1
-14.3685 -4.23631 3.29806 0 -1
0 0 3.3001 0 -1
-14.3685 -4.23631 3.30215 0 -1
0 0 3.30419 0 -1
-14.3685 -4.23631 3.30624 0 -1
0 0 3.30829 0 -1
0 0 3.31033 0 -1
-14.3685 -4.23631 3.31238 0 -1
0 0 3.31442 0 -1
-14.3685 -4.23631 3.31647 0 -1
0 0 3.31851 0 -1
-14.3685 -4.23631 3.32056 0 -1
0 0 3.3226 0 -1
-14.3685 -4.23631 3.32465 0 -1
0 0 3.32669 0 -1
0 0 3.32874 0 -1
-14.3685 -4.23631 3.33078 0 -1
0 0 3.33283 0 -1
-14.3685 -4.23631 3.33487 0 -1
0 0 3.33692 0 -1
-14.3685 -4.23631 3.33896 0 -1
0 0 3.34101 0 -1
0 0 3.34306 0 -1
-14.3685 -4.23631 3.3451 0 -1
0 0 3.34715 0 -1
-14.3685 -4.23631 3.34919 0 -1
0 0 3.35124 0 -1
-14.3685 -4.23631 3.35328 0 -1
0 0 3.35533 0 -1
-14.3685 -4.23631 3.35737 0 -1
0 0 3.35942 0 -1
0 0 3.36146 0 -1
-14.3685 -4.23631 3.36351 0 -1
0 0 3.36555 0 -1
-14.3685 -4.23631 3.3676 0 -1
0 0 3.36964 0 -1
-14.3685 -4.23631 3.37169 0 -1
0 0 3.37374 0 -1
0 0 3.37578 0 -1
-14.3685 -4.23631 3.37783 0 -1
0 0 3.37987 0 -1
-14.3685 -4.23631 3.38192 0 -1
0 0 3.38396 0 -1
-14.3685 -4.23631 3.38601 0 -1
0 0 3.38805 0 -1
0 0 3.3901 0 -1
-14.3685 -4.23631 3.39214 0 -1
0 0 3.39419 0 -1
-14.3685 -4.23631 3.39623 0 -1
0 0 3.39828 0 -1
-14.3685 -4.23631 3.40032 0 -1
0 0 3.40237 0 -1
-14.3685 -4.23631 3.40441 0 -1
0 0 3.40646 0 -1
0 0 3.40851 0 -1
-14.3685 -4.23631 3.41055 0 -1
0 0 3.4126 0 -1
-14.3685 -4.23631 3.41464 0 -1
0 0 3.41669 0 -1
-14.3685 -4.23631 3.41873 0 -1
0 0 3.42078 0 -1
0 0 3.42282 0 -1
-14.3685 -4.23631 3.42487 0 -1
0 0 3.42691 0 -1
-14.3685 -4.23631 3.42896 0 -1
0 0 3.431 0 -1
-14.3685 -4.23631 3.43305 0 -1
0 0 3.43509 0 -1
0 0 3.43714 0 -1
-14.3685 -4.23631 3.43918 0 -1
0 0 3.44123 0 -1
-14.3685 -4.23631 3.44328 0 -1
0 0 3.44532 0 -1
-14.3685 -4.23631 3.44737 0 -1
0 0 3.44941 0 -1
-14.3685 -4.23631 3.45146 0 -1
0 0 3.4535 0 -1
0 0 3.45555 0 -1
-14.3685 -4.23631 3.45759 0 -1
0 0 3.45964 0 -1
-14.3685 -4.23631 3.46168 0 -1
0 0 3.46373 0 -1
-14.3685 -4.23631 3.46577 0 -1
0 0 3.46782 0 -1
0 0 3.46986 0 -1
-14.3685 -4.23631 3.47191 0 -1
0 0 3.47396 0 -1
-14.3685 -4.23631 3.476 0 -1
0 0 3.47805 0 -1
-14.3685 -4.23631 3.48009 0 -1
0 0 3.48214 0 -1
-14.3685 -4.23631 3.48418 0 -1
0 0 3.48623 0 -1
0 0 3.48827 0 -1
-14.3685 -4.23631 3.49032 0 -1
0 0 3.49236 0 -1
-14.3685 -4.23631 3.49441 0 -1
0 0 3.49645 0 -1
-14.3685 -4.23631 3.4985 0 -1
0 0 3.50054 0 -1
0 0 3.50259 0 -1
-14.3685 -4.23631 3.50463 0 -1
0 0 3.50668 0 -1
-14.3685 -4.23631 3.50873 0 -1
0 0 3.51077 0 -1
-14.3685 -4.23631 3.51282 0 -1
0 0 3.51486 0 -1
0 0 3.51691 0 -1
-14.3685 -4.23631 3.51895 0 -1
0 0 3.521 0 -1
-14.3685 -4.23631 3.52304 0 -1
0 0 3.52509 0 -1
-14.3685 -4.23631 3.52713 0 -1
0 0 3.52918 0 -1
-14.3685 -4.23631 3.53122 0 -1
0 0 3.53327 0 -1
0 0 3.53531 0 -1
-14.3685 -4.23631 3.53736 0 -1
0 0 3.53941 0 -1
-14.3685 -4.23631 3.54145 0 -1
0 0 3.5435 0 -1
-14.3685 -4.23631 3.54554 0 -1
0 0 3.54759 0 -1
0 0 3.54963 0 -1
-14.3685 -4.23631 3.55168 0 -1
0 0 3.55372 0 -1
-14.3685 -4.23631 3.55577 0 -1
0 0 3.55781 0 -1
-14.3685 -4.23631 3.55986 0 -1
0 0 3.5619 0 -1
0 0 3.56395 0 -1
-14.3685 -4.23631 3.56599 0 -1
0 0 3.56804 0 -1
-14.3685 -4.23631 3.57008 0 -1
0 0 3.57213 0 -1
-14.3685 -4.23631 3.57418 0 -1
0 0 3.57622 0 -1
-14.3685 -4.23631 3.57827 0 -1
0 0 3.58031 0 -1
0 0 3.58236 0 -1
-14.3685 -4.23631 3.5844 0 -1
0 0 3.58645 0 -1
-14.3685 -4.23631 3.58849 0 -1
0 0 3.59054 0 -1
-14.3685 -4.23631 3.59258 0 -1
0 0 3.59463 0 -1
0 0 3.59667 0 -1
-14.3685 -4.23631 3.59872 0 -1
0 0 3.60076 0 -1
-14.3685 -4.23631 3.60281 0 -1
0 0 3.60485 0 -1
-14.3685 -4.23631 3.6069 0 -1
0 0 3.60895 0 -1
-14.3685 -4.23631 3.61099 0 -1
0 0 3.61304 0 -1
0 0 3.61508 0 -1
-14.3685 -4.23631 3.61713 0 -1
0 0 3.61917 0 -1
-14.3685 -4.23631 3.62122 0 -1
0 0 3.62326 0 -1
-14.3685 -4.23631 3.62531 0 -1
0 0 3.62735 0 -1
0 0 3.6294 0 -1
-14.3685 -4.23631 3.63144 0 -1
0 0 3.63349 0 -1
-14.3685 -4.23631 3.63553 0 -1
0 0 3.63758 0 -1
-14.3685 -4.23631 3.63963 0 -1
0 0 3.64167 0 -1
0 0 3.64372 0 -1
-14.3685 -4.23631 3.64576 0 -1
0 0 3.64781 0 -1
-14.3685 -4.23631 3.64985 0 -1
0 0 3.6519 0 -1
-14.3685 -4.23631 3.65394 0 -1
0 0 3.65599 0 -1
-14.3685 -4.23631 3.65803 0 -1
0 0 3.66008 0 -1
0 0 3.66212 0 -1
-14.3685 -4.23631 3.66417 0 -1
0 0 3.66621 0 -1
-14.3685 -4.23631 3.66826 0 -1
0 0 3.6703 0 -1
-14.3685 -4.23631 3.67235 0 -1
0 0 3.6744 0 -1
0 0 3.67644 0 -1
-14.3685 -4.23631 3.67849 0 -1
0 0 3.68053 0 -1
-14.3685 -4.23631 3.68258 0 -1
0 0 3.68462 0 -1
-14.3685 -4.23631 3.68667 0 -1
0 0 3.68871 0 -1
-14.3685 -4.23631 3.69076 0 -1
0 0 3.6928 0 -1
0 0 3.69485 0 -1
-14.3685 -4.23631 3.69689 0 -1
0 0 3.69894 0 -1
-14.3685 -4.23631 3.70098 0 -1
0 0 3.70303 0 -1
-14.3685 -4.23631 3.70508 0 -1
0 0 3.70712 0 -1
0 0 3.70917 0 -1
-14.3685 -4.23631 3.71121 0 -1
0 0 3.71326 0 -1
-14.3685 -4.23631 3.7153 0 -1
0 0 3.71735 0 -1
-14.3685 -4.23631 3.71939 0 -1
0 0 3.72144 0 -1
0 0 3.72348 0 -1
-14.3685 -4.23631 3.72553 0 -1
0 0 3.72757 0 -1
-14.3685 -4.23631 3.72962 0 -1
0 0 3.73166 0 -1
-14.3685 -4.23631 3.73371 0 -1
0 0 3.73575 0 -1
-14.3685 -4.23631 3.7378 0 -1
0 0 3.73985 0 -1
0 0 3.74189 0 -1
-14.3685 -4.23631 3.74394 0 -1
0 0 3.74598 0 -1
-14.3685 -4.23631 3.74803 0 -1
0 0 3.75007 0 -1
-14.3685 -4.23631 3.75212 0 -1
0 0 3.75416 0 -1
0 0 3.75621 0 -1
-14.3685 -4.23631 3.75825 0 -1
0 0 3.7603 0 -1
-14.3685 -4.23631 3.76234 0 -1
0 0 3.76439 0 -1
-14.3685 -4.23631 3.76643 0 -1
0 0 3.76848 0 -1
0 0 3.77052 0 -1
-14.3685 -4.23631 3.77257 0 -1
0 0 3.77462 0 -1
-14.3685 -4.23631 3.77666 0 -1
0 0 3.77871 0 -1
-14.3685 -4.23631 3.78075 0 -1
0 0 3.7828 0 -1
-14.3685 -4.23631 3.78484 0 -1
0 0 3.78689 0 -1
0 0 3.78893 0 -1
-14.3685 -4.23631 3.79098 0 -1
0 0 3.79302 0 -1
-14.3685 -4.23631 3.79507 0 -1
0 0 3.79711 0 -1
-14.3685 -4.23631 3.79916 0 -1
0 0 3.8012 0 -1
0 0 3.80325 0 -1
-14.3685 -4.23631 3.80529 0 -1
0 0 3.80734 0 -1
-14.3685 -4.23631 3.80939 0 -1
0 0 3.81143 0 -1
-14.3685 -4.23631 3.81348 0 -1
0 0 3.81552 0 -1
-14.3685 -4.23631 3.81757 0 -1
0 0 3.81961 0 -1
0 0 3.82166 0 -1
-14.3685 -4.23631 3.8237 0 -1
0 0 3.82575 0 -1
-14.3685 -4.23631 3.82779 0 -1
0 0 3.82984 0 -1
-14.3685 -4.23631 3.83188 0 -1
0 0 3.83393 0 -1
0 0 3.83597 0 -1
-14.3685 -4.23631 3.83802 0 -1
0 0 3.84007 0 -1
-14.3685 -4.23631 3.84211 0 -1
0 0 3.84416 0 -1
-14.3685 -4.23631 3.8462 0 -1
0 0 3.84825 0 -1
0 0 3.85029 0 -1
-14.3685 -4.23631 3.85234 0 -1
0 0 3.85438 0 -1
-14.3685 -4.23631 3.85643 0 -1
0 0 3.85847 0 -1
-14.3685 -4.23631 3.86052 0 -1
0 0 3.86256 0 -1
-14.3685 -4.23631 3.86461 0 -1
0 0 3.86665 0 -1
0 0 3.8687 0 -1
-14.3685 -4.23631 3.87074 0 -1
0 0 3.87279 0 -1
-14.3685 -4.23631 3.87484 0 -1
0 0 3.87688 0 -1
-14.3685 -4.23631 3.87893 0 -1
0 0 3.88097 0 -1
0 0 3.88302 0 -1
-14.3685 -4.23631 3.88506 0 -1
0 0 3.88711 0 -1
-14.3685 -4.23631 3.88915 0 -1
0 0 3.8912 0 -1
-14.3685 -4.23631 3.89324 0 -1
0 0 3.89529 0 -1
0 0 3.89733 0 -1
-14.3685 -4.23631 3.89938 0 -1
0 0 3.90142 0 -1
-14.3685 -4.23631 3.90347 0 -1
0 0 3.90552 0 -1
-14.3685 -4.23631 3.90756 0 -1
0 0 3.90961 0 -1
-14.3685 -4.23631 3.91165 0 -1
0 0 3.9137 0 -1
0 0 3.91574 0 -1
-14.3685 -4.23631 3.91779 0 -1
0 0 3.91983 0 -1
-14.3685 -4.23631 3.92188 0 -1
0 0 3.92392 0 -1
-14.3685 -4.23631 3.92597 0 -1
0 0 3.92801 0 -1
0 0 3.93006 0 -1
-14.3685 -4.23631 3.9321 0 -1
0 0 3.93415 0 -1
-14.3685 -4.23631 3.93619 0 -1
0 0 3.93824 0 -1
-14.3685 -4.23631 3.94029 0 -1
0 0 3.94233 0 -1
-14.3685 -4.23631 3.94438 0 -1
0 0 3.94642 0 -1
0 0 3.94847 0 -1
-14.3685 -4.23631 3.95051 0 -1
0 0 3.95256 0 -1
-14.3685 -4.23631 3.9546 0 -1
0 0 3.95665 0 -1
-14.3685 -4.23631 3.95869 0 -1
0 0 3.96074 0 -1
0 0 3.96278 0 -1
-14.3685 -4.23631 3.96483 0 -1
0 0 3.96687 0 -1
-14.3685 -4.23631 3.96892 0 -1
0 0 3.97096 0 -1
-14.3685 -4.23631 3.97301 0 -1
0 0 3.97506 0 -1
0 0 3.9771 0 -1
-14.3685 -4.23631 3.97915 0 -1
0 0 3.98119 0 -1
-14.3685 -4.23631 3.98324 0 -1
0 0 3.98528 0 -1
-14.3685 -4.23631 3.98733 0 -1
0 0 3.98937 0 -1
-14.3685 -4.23631 3.99142 0 -1
0 0 3.99346 0 -1
0 0 3.99551 0 -1
-14.3685 -4.23631 3.99755 0 -1
0 0 3.9996 0 -1
-14.3685 -4.23631 4.00164 0 -1
0 0 4.00369 0 -1
-14.3685 -4.23631 4.00574 0 -1
0 0 4.00778 0 -1
0 0 4.00983 0 -1
-14.3685 -4.23631 4.01187 0 -1
0 0 4.01392 0 -1
-14.3685 -4.23631 4.01596 0 -1
0 0 4.01801 0 -1
-14.3685 -4.23631 4.02005 0 -1
0 0 4.0221 0 -1
-14.3685 -4.23631 4.02414 0 -1
0 0 4.02619 0 -1
0 0 4.02823 0 -1
-14.3685 -4.23631 4.03028 0 -1
0 0 4.03232 0 -1
-14.3685 -4.23631 4.03437 0 -1
0 0 4.03641 0 -1
-14.3685 -4.23631 4.03846 0 -1
0 0 4.04051 0 -1
0 0 4.04255 0 -1
-14.3685 -4.23631 4.0446 0 -1
0 0 4.04664 0 -1
-14.3685 -4.23631 4.04869 0 -1
0 0 4.05073 0 -1
-14.3685 -4.23631 4.05278 0 -1
0 0 4.05482 0 -1
0 0 4.05687 0 -1
-14.3685 -4.23631 4.05891 0 -1
0 0 4.06096 0 -1
-14.3685 -4.23631 4.063 0 -1
0 0 4.06505 0 -1
-14.3685 -4.23631 4.06709 0 -1
0 0 4.06914 0 -1
-14.3685 -4.23631 4.07119 0 -1
0 0 4.07323 0 -1
0 0 4.07528 0 -1
-14.3685 -4.23631 4.07732 0 -1
0 0 4.07937 0 -1
-14.3685 -4.23631 4.08141 0 -1
0 0 4.08346 0 -1
-14.3685 -4.23631 4.0855 0 -1
0 0 4.08755 0 -1
0 0 4.08959 0 -1
-14.3685 -4.23631 4.09164 0 -1
0 0 4.09368 0 -1
-14.3685 -4.23631 4.09573 0 -1
0 0 4.09777 0 -1
-14.3685 -4.23631 4.09982 0 -1
0 0 4.10186 0 -1
0 0 4.10391 0 -1
-14.3685 -4.23631 4.10596 0 -1
0 0 4.108 0 -1
-14.3685 -4.23631 4.11005 0 -1
0 0 4.11209 0 -1
-14.3685 -4.23631 4.11414 0 -1
0 0 4.11618 0 -1
-14.3685 -4.23631 4.11823 0 -1
0 0 4.12027 0 -1
0 0 4.12232 0 -1
-14.3685 -4.23631 4.12436 0 -1
0 0 4.12641 0 -1
-14.3685 -4.23631 4.12845 0 -1
0 0 4.1305 0 -1
-14.3685 -4.23631 4.13254 0 -1
0 0 4.13459 0 -1
0 0 4.13663 0 -1
-14.3685 -4.23631 4.13868 0 -1
0 0 4.14073 0 -1
-14.3685 -4.23631 4.14277 0 -1
0 0 4.14482 0 -1
-14.3685 -4.23631 4.14686 0 -1
0 0 4.14891 0 -1
-14.3685 -4.23631 4.15095 0 -1
0 0 4.153 0 -1
0 0 4.15504 0 -1
-14.3685 -4.23631 4.15709 0 -1
0 0 4.15913 0 -1
-14.3685 -4.23631 4.16118 0 -1
0 0 4.16322 0 -1
-14.3685 -4.23631 4.16527 0 -1
0 0 4.16731 0 -1
0 0 4.16936 0 -1
-14.3685 -4.23631 4.17141 0 -1
0 0 4.17345 0 -1
-14.3685 -4.23631 4.1755 0 -1
0 0 4.17754 0 -1
-14.3685 -4.23631 4.17959 0 -1
0 0 4.18163 0 -1
0 0 4.18368 0 -1
-14.3685 -4.23631 4.18572 0 -1
0 0 4.18777 0 -1
-14.3685 -4.23631 4.18981 0 -1
0 0 4.19186 0 -1
-14.3685 -4.23631 4.1939 0 -1
0 0 4.19595 0 -1
-14.3685 -4.23631 4.19799 0 -1
0 0 4.20004 0 -1
0 0 4.20208 0 -1
-14.3685 -4.23631 4.20413 0 -1
0 0 4.20618 0 -1
-14.3685 -4.23631 4.20822 0 -1
0 0 4.21027 0 -1
-14.3685 -4.23631 4.21231 0 -1
0 0 4.21436 0 -1
0 0 4.2164 0 -1
-14.3685 -4.23631 4.21845 0 -1
0 0 4.22049 0 -1
-14.3685 -4.23631 4.22254 0 -1
0 0 4.22458 0 -1
-14.3685 -4.23631 4.22663 0 -1
0 0 4.22867 0 -1
0 0 4.23072 0 -1
-14.3685 -4.23631 4.23276 0 -1
0 0 4.23481 0 -1
-14.3685 -4.23631 4.23686 0 -1
0 0 4.2389 0 -1
-14.3685 -4.23631 4.24095 0 -1
0 0 4.24299 0 -1
-14.3685 -4.23631 4.24504 0 -1
0 0 4.24708 0 -1
0 0 4.24913 0 -1
-14.3685 -4.23631 4.25117 0 -1
0 0 4.25322 0 -1
-14.3685 -4.23631 4.25526 0 -1
0 0 4.25731 0 -1
-14.3685 -4.23631 4.25935 0 -1
0 0 4.2614 0 -1
0 0 4.26344 0 -1
-14.3685 -4.23631 4.26549 0 -1
0 0 4.26753 0 -1
-14.3685 -4.23631 4.26958 0 -1
0 0 4.27163 0 -1
-14.3685 -4.23631 4.27367 0 -1
0 0 4.27572 0 -1
-14.3685 -4.23631 4.27776 0 -1
0 0 4.27981 0 -1
0 0 4.28185 0 -1
-14.3685 -4.23631 4.2839 0 -1
0 0 4.28594 0 -1
-14.3685 -4.23631 4.28799 0 -1
0 0 4.29003 0 -1
-14.3685 -4.23631 4.29208 0 -1
0 0 4.29412 0 -1
0 0 4.29617 0 -1
-14.3685 -4.23631 4.29821 0 -1
0 0 4.30026 0 -1
-14.3685 -4.23631 4.3023 0 -1
0 0 4.30435 0 -1
-14.3685 -4.23631 4.3064 0 -1
0 0 4.30844 0 -1
0 0 4.31049 0 -1
-14.3685 -4.23631 4.31253 0 -1
0 0 4.31458 0 -1
-14.3685 -4.23631 4.31662 0 -1
0 0 4.31867 0 -1
-14.3685 -4.23631 4.32071 0 -1
0 0 4.32276 0 -1
-14.3685 -4.23631 4.3248 0 -1
0 0 4.32685 0 -1
0 0 4.32889 0 -1
-14.3685 -4.23631 4.33094 0 -1
0 0 4.33298 0 -1
-14.3685 -4.23631 4.33503 0 -1
0 0 4.33708 0 -1
-14.3685 -4.23631 4.33912 0 -1
0 0 4.34117 0 -1
0 0 4.34321 0 -1
-14.3685 -4.23631 4.34526 0 -1
0 0 4.3473 0 -1
-14.3685 -4.23631 4.34935 0 -1
0 0 4.35139 0 -1
-14.3685 -4.23631 4.35344 0 -1
0 0 4.35548 0 -1
-14.3685 -4.23631 4.35753 0 -1
0 0 4.35957 0 -1
0 0 4.36162 0 -1
-14.3685 -4.23631 4.36366 0 -1
0 0 4.36571 0 -1
-14.3685 -4.23631 4.36775 0 -1
0 0 4.3698 0 -1
-14.3685 -4.23631 4.37185 0 -1
0 0 4.37389 0 -1
0 0 4.37594 0 -1
-14.3685 -4.23631 4.37798 0 -1
0 0 4.38003 0 -1
-14.3685 -4.23631 4.38207 0 -1
0 0 4.38412 0 -1
-14.3685 -4.23631 4.38616 0 -1
0 0 4.38821 0 -1
0 0 4.39025 0 -1
-14.3685 -4.23631 4.3923 0 -1
0 0 4.39434 0 -1
-14.3685 -4.23631 4.39639 0 -1
0 0 4.39843 0 -1
-14.3685 -4.23631 4.40048 0 -1
0 0 4.40252 0 -1
-14.3685 -4.23631 4.40457 0 -1
0 0 4.40662 0 -1
0 0 4.40866 0 -1
-14.3685 -4.23631 4.41071 0 -1
0 0 4.41275 0 -1
-14.3685 -4.23631 4.4148 0 -1
0 0 4.41684 0 -1
-14.3685 -4.23631 4.41889 0 -1
0 0 4.42093 0 -1
0 0 4.42298 0 -1
-14.3685 -4.23631 4.42502 0 -1
0 0 4.42707 0 -1
-14.3685 -4.23631 4.42911 0 -1
0 0 4.43116 0 -1
-14.3685 -4.23631 4.4332 0 -1
0 0 4.43525 0 -1
0 0 4.43729 0 -1
-14.3685 -4.23631 4.43934 0 -1
0 0 4.44139 0 -1
-14.3685 -4.23631 4.44343 0 -1
0 0 4.44548 0 -1
-14.3685 -4.23631 4.44752 0 -1
0 0 4.44957 0 -1
-14.3685 -4.23631 4.45161 0 -1
0 0 4.45366 0 -1
0 0 4.4557 0 -1
-14.3685 -4.23631 4.45775 0 -1
0 0 4.45979 0 -1
-14.3685 -4.23631 4.46184 0 -1
0 0 4.46388 0 -1
-14.3685 -4.23631 4.46593 0 -1
0 0 4.46797 0 -1
0 0 4.47002 0 -1
-14.3685 -4.23631 4.47207 0 -1
0 0 4.47411 0 -1
-14.3685 -4.23631 4.47616 0 -1
0 0 4.4782 0 -1
-14.3685 -4.23631 4.48025 0 -1
0 0 4.48229 0 -1
-14.3685 -4.23631 4.48434 0 -1
0 0 4.48638 0 -1
0 0 4.48843 0 -1
-14.3685 -4.23631 4.49047 0 -1
0 0 4.49252 0 -1
-14.3685 -4.23631 4.49456 0 -1
0 0 4.49661 0 -1
-14.3685 -4.23631 4.49865 0 -1
0 0 4.5007 0 -1
0 0 4.50275 0 -1
-14.3685 -4.23631 4.50479 0 -1
0 0 4.50684 0 -1
-14.3685 -4.23631 4.50888 0 -1
0 0 4.51093 0 -1
-14.3685 -4.23631 4.51297 0 -1
0 0 4.51502 0 -1
0 0 4.51706 0 -1
-14.3685 -4.23631 4.51911 0 -1
0 0 4.52115 0 -1
-14.3685 -4.23631 4.5232 0 -1
0 0 4.52524 0 -1
-14.3685 -4.23631 4.52729 0 -1
0 0 4.52933 0 -1
-14.3685 -4.23631 4.53138 0 -1
0 0 4.53342 0 -1
0 0 4.53547 0 -1
-14.3685 -4.23631 4.53752 0 -1
0 0 4.53956 0 -1
-14.3685 -4.23631 4.54161 0 -1
0 0 4.54365 0 -1
-14.3685 -4.23631 4.5457 0 -1
0 0 4.54774 0 -1
0 0 4.54979 0 -1
-14.3685 -4.23631 4.55183 0 -1
0 0 4.55388 0 -1
-14.3685 -4.23631 4.55592 0 -1
0 0 4.55797 0 -1
-14.3685 -4.23631 4.56001 0 -1
0 0 4.56206 0 -1
0 0 4.5641 0 -1
-14.3685 -4.23631 4.56615 0 -1
0 0 4.56819 0 -1
-14.3685 -4.23631 4.57024 0 -1
0 0 4.57229 0 -1
-14.3685 -4.23631 4.57433 0 -1
0 0 4.57638 0 -1
-14.3685 -4.23631 4.57842 0 -1
0 0 4.58047 0 -1
0 0 4.58251 0 -1
-14.3685 -4.23631 4.58456 0 -1
0 0 4.5866 0 -1
-14.3685 -4.23631 4.58865 0 -1
0 0 4.59069 0 -1
-14.3685 -4.23631 4.59274 0 -1
0 0 4.59478 0 -1
0 0 4.59683 0 -1
-14.3685 -4.23631 4.59887 0 -1
0 0 4.60092 0 -1
-14.3685 -4.23631 4.60296 0 -1
0 0 4.60501 0 -1
-14.3685 -4.23631 4.60706 0 -1
0 0 4.6091 0 -1
-14.3685 -4.23631 4.61115 0 -1
0 0 4.61319 0 -1
0 0 4.61524 0 -1
-14.3685 -4.23631 4.61728 0 -1
0 0 4.61933 0 -1
-14.3685 -4.23631 4.62137 0 -1
0 0 4.62342 0 -1
-14.3685 -4.23631 4.62546 0 -1
0 0 4.62751 0 -1
0 0 4.62955 0 -1
-14.3685 -4.23631 4.6316 0 -1
0 0 4.63364 0 -1
-14.3685 -4.23631 4.63569 0 -1
0 0 4.63774 0 -1
-14.3685 -4.23631 4.63978 0 -1
0 0 4.64183 0 -1
0 0 4.64387 0 -1
-14.3685 -4.23631 4.64592 0 -1
0 0 4.64796 0 -1
-14.3685 -4.23631 4.65001 0 -1
0 0 4.65205 0 -1
-14.3685 -4.23631 4.6541 0 -1
0 0 4.65614 0 -1
-14.3685 -4.23631 4.65819 0 -1
0 0 4.66023 0 -1
0 0 4.66228 0 -1
-14.3685 -4.23631 4.66432 0 -1
0 0 4.66637 0 -1
-14.3685 -4.23631 4.66842 0 -1
0 0 4.67046 0 -1
-14.3685 -4.23631 4.67251 0 -1
0 0 4.67455 0 -1
0 0 4.6766 0 -1
-14.3685 -4.23631 4.67864 0 -1
0 0 4.68069 0 -1
-14.3685 -4.23631 4.68273 0 -1
0 0 4.68478 0 -1
-14.3685 -4.23631 4.68682 0 -1
0 0 4.68887 0 -1
-14.3685 -4.23631 4.69091 0 -1
0 0 4.69296 0 -1
0 0 4.695 0 -1
-14.3685 -4.23631 4.69705 0 -1
0 0 4.69909 0 -1
-14.3685 -4.23631 4.70114 0 -1
0 0 4.70319 0 -1
-14.3685 -4.23631 4.70523 0 -1
0 0 4.70728 0 -1
0 0 4.70932 0 -1
-14.3685 -4.23631 4.71137 0 -1
0 0 4.71341 0 -1
-14.3685 -4.23631 4.71546 0 -1
0 0 4.7175 0 -1
-14.3685 -4.23631 4.71955 0 -1
0 0 4.72159 0 -1
0 0 4.72364 0 -1
-14.3685 -4.23631 4.72568 0 -1
0 0 4.72773 0 -1
-14.3685 -4.23631 4.72977 0 -1
0 0 4.73182 0 -1
-14.3685 -4.23631 4.73386 0 -1
0 0 4.73591 0 -1
-14.3685 -4.23631 4.73796 0 -1
0 0 4.74 0 -1
0 0 4.74205 0 -1
-14.3685 -4.23631 4.74409 0 -1
0 0 4.74614 0 -1
-14.3685 -4.23631 4.74818 0 -1
0 0 4.75023 0 -1
-14.3685 -4.23631 4.75227 0 -1
0 0 4.75432 0 -1
0 0 4.75636 0 -1
-14.3685 -4.23631 4.75841 0 -1
0 0 4.76045 0 -1
-14.3685 -4.23631 4.7625 0 -1
0 0 4.76454 0 -1
-14.3685 -4.23631 4.76659 0 -1
0 0 4.76863 0 -1
0 0 4.77068 0 -1
-14.3685 -4.23631 4.77273 0 -1
0 0 4.77477 0 -1
-14.3685 -4.23631 4.77682 0 -1
0 0 4.77886 0 -1
-14.3685 -4.23631 4.78091 0 -1
0 0 4.78295 0 -1
-14.3685 -4.23631 4.785 0 -1
0 0 4.78704 0 -1
0 0 4.78909 0 -1
-14.3685 -4.23631 4.79113 0 -1
0 0 4.79318 0 -1
-14.3685 -4.23631 4.79522 0 -1
0 0 4.79727 0 -1
-14.3685 -4.23631 4.79931 0 -1
0 0 4.80136 0 -1
0 0 4.80341 0 -1
-14.3685 -4.23631 4.80545 0 -1
0 0 4.8075 0 -1
-14.3685 -4.23631 4.80954 0 -1
0 0 4.81159 0 -1
-14.3685 -4.23631 4.81363 0 -1
0 0 4.81568 0 -1
-14.3685 -4.23631 4.81772 0 -1
0 0 4.81977 0 -1
0 0 4.82181 0 -1
-14.3685 -4.23631 4.82386 0 -1
0 0 4.8259 0 -1
-14.3685 -4.23631 4.82795 0 -1
0 0 4.82999 0 -1
-14.3685 -4.23631 4.83204 0 -1
0 0 4.83408 0 -1
0 0 4.83613 0 -1
-14.3685 -4.23631 4.83818 0 -1
0 0 4.84022 0 -1
-14.3685 -4.23631 4.84227 0 -1
0 0 4.84431 0 -1
-14.3685 -4.23631 4.84636 0 -1
0 0 4.8484 0 -1
0 0 4.85045 0 -1
-14.3685 -4.23631 4.85249 0 -1
0 0 4.85454 0 -1
-14.3685 -4.23631 4.85658 0 -1
0 0 4.85863 0 -1
-14.3685 -4.23631 4.86067 0 -1
0 0 4.86272 0 -1
-14.3685 -4.23631 4.86476 0 -1
0 0 4.86681 0 -1
0 0 4.86885 0 -1
-14.3685 -4.23631 4.8709 0 -1
0 0 4.87295 0 -1
-14.3685 -4.23631 4.87499 0 -1
0 0 4.87704 0 -1
-14.3685 -4.23631 4.87908 0 -1
0 0 4.88113 0 -1
0 0 4.88317 0 -1
-14.3685 -4.23631 4.88522 0 -1
0 0 4.88726 0 -1
-14.3685 -4.23631 4.88931 0 -1
0 0 4.89135 0 -1
-14.3685 -4.23631 4.8934 0 -1
0 0 4.89544 0 -1
0 0 4.89749 0 -1
-14.3685 -4.23631 4.89953 0 -1
0 0 4.90158 0 -1
-14.3685 -4.23631 4.90363 0 -1
0 0 4.90567 0 -1
-14.3685 -4.23631 4.90772 0 -1
0 0 4.90976 0 -1
-14.3685 -4.23631 4.91181 0 -1
0 0 4.91385 0 -1
0 0 4.9159 0 -1
-14.3685 -4.23631 4.91794 0 -1
0 0 4.91999 0 -1
-14.3685 -4.23631 4.92203 0 -1
0 0 4.92408 0 -1
-14.3685 -4.23631 4.92612 0 -1
0 0 4.92817 0 -1
0 0 4.93021 0 -1
-14.3685 -4.23631 4.93226 0 -1
0 0 4.9343 0 -1
-14.3685 -4.23631 4.93635 0 -1
0 0 4.9384 0 -1
-14.3685 -4.23631 4.94044 0 -1
0 0 4.94249 0 -1
-14.3685 -4.23631 4.94453 0 -1
0 0 4.94658 0 -1
0 0 4.94862 0 -1
-14.3685 -4.23631 4.95067 0 -1
0 0 4.95271 0 -1
-14.3685 -4.23631 4.95476 0 -1
0 0 4.9568 0 -1
-14.3685 -4.23631 4.95885 0 -1
0 0 4.96089 0 -1
0 0 4.96294 0 -1
-14.3685 -4.23631 4.96498 0 -1
0 0 4.96703 0 -1
-14.3685 -4.23631 4.96908 0 -1
0 0 4.97112 0 -1
-14.3685 -4.23631 4.97317 0 -1
0 0 4.97521 0 -1
0 0 4.97726 0 -1
-14.3685 -4.23631 4.9793 0 -1
0 0 4.98135 0 -1
-14.3685 -4.23631 4.98339 0 -1
0 0 4.98544 0 -1
-14.3685 -4.23631 4.98748 0 -1
0 0 4.98953 0 -1
-14.3685 -4.23631 4.99157 0 -1
0 0 4.99362 0 -1
0 0 4.99566 0 -1
-14.3685 -4.23631 4.99771 0 -1
0 0 4.99975 0 -1
-14.3685 -4.23631 5.0018 0 -1
0 0 5.00385 0 -1
-14.3685 -4.23631 5.00589 0 -1
0 0 5.00794 0 -1
0 0 5.00998 0 -1
-14.3685 -4.23631 5.01203 0 -1
0 0 5.01407 0 -1
-14.3685 -4.23631 5.01612 0 -1
0 0 5.01816 0 -1
-14.3685 -4.23631 5.02021 0 -1
0 0 5.02225 0 -1
-14.3685 -4.23631 5.0243 0 -1
0 0 5.02634 0 -1
0 0 5.02839 0 -1
-14.3685 -4.23631 5.03043 0 -1
0 0 5.03248 0 -1
-14.3685 -4.23631 5.03452 0 -1
-7.51552 4.80418 5.03657 8.91983 10
-8.44534 2.87045 5.03862 8.91983 10
-7.36385 4.80527 5.04066 8.793 10
-7.3412 4.8398 5.04271 8.793 10
-8.31188 2.86871 5.04475 8.793 10
-7.22526 4.86136 5.0468 8.70845 10
-8.21852 2.87976 5.04884 8.70845 10
-7.07472 4.85723 5.05089 8.58163 10
-8.08541 2.87583 5.05293 8.58163 10
-6.95953 4.87497 5.05498 8.49708 10
-6.93655 4.90761 5.05702 8.49708 10
-7.99229 2.88507 5.05907 8.49708 10
-6.7873 4.89834 5.06111 8.37026 10
-7.85957 2.87896 5.06316 8.37026 10
-6.6729 4.91176 5.0652 8.28571 10
-7.7667 2.88639 5.06725 8.28571 10
-6.55884 4.92347 5.0693 8.20116 10
-7.67395 2.89302 5.07134 8.20116 10
-6.41159 4.90779 5.07339 8.07434 10
-6.38847 4.93785 5.07543 8.07434 10
-7.54181 2.88373 5.07748 8.07434 10
-6.2754 4.94531 5.07952 7.98979 10
-7.44936 2.88856 5.08157 7.98979 10
-6.16275 4.95109 5.08361 7.90524 10
-7.35702 2.89258 5.08566 7.90524 10
-6.05056 4.9552 5.0877 7.82069 10
-6.02722 4.98356 5.08975 7.82069 10
-7.26481 2.8958 5.09179 7.82069 10
-5.91548 4.98548 5.09384 7.73614 10
-7.17274 2.89822 5.09588 7.73614 10
-5.80425 4.98573 5.09793 7.6516 10
-7.08081 2.89983 5.09997 7.6516 10
-5.69354 4.98435 5.10202 7.56705 10
-5.67007 5.01104 5.10407 7.56705 10
-6.98902 2.90065 5.10611 7.56705 10
-5.55992 5.0075 5.10816 7.4825 10
-6.89738 2.90068 5.1102 7.4825 10
-5.45035 5.00234 5.11225 7.39795 10
-6.8059 2.8999 5.11429 7.39795 10
-5.37224 5.02445 5.11634 7.35568 10
-6.75339 2.91508 5.11838 7.35568 10
-5.26359 5.01636 5.12043 7.27113 10
-5.23997 5.04103 5.12247 7.27113 10
-6.66216 2.9129 5.12452 7.27113 10
-5.13201 5.03084 5.12656 7.18658 10
-6.57109 2.90993 5.12861 7.18658 10
-5.02471 5.01908 5.13065 7.10203 10
-6.48021 2.90616 5.1327 7.10203 10
-4.9477 5.03591 5.13475 7.05976 10
-4.924 5.05909 5.13679 7.05976 10
-6.42799 2.91909 5.13884 7.05976 10
-4.81785 5.04399 5.14088 6.97521 10
-6.3374 2.91393 5.14293 6.97521 10
-4.74135 5.05818 5.14497 6.93294 10
-6.28531 2.92583 5.14702 6.93294 10
-4.63638 5.04028 5.14906 6.84839 10
-6.19502 2.91927 5.15111 6.84839 10
-4.5605 5.05223 5.15315 6.80612 10
-4.53672 5.07359 5.1552 6.80612 10
-6.14308 2.93014 5.15724 6.80612 10
-4.4331 5.05243 5.15929 6.72157 10
-6.05311 2.92221 5.16133 6.72157 10
-4.35786 5.06182 5.16338 6.67929 10
-6.00134 2.93205 5.16542 6.67929 10
-4.25556 5.03794 5.16747 6.59475 10
-4.23184 5.05788 5.16952 6.59475 10
-5.91171 2.92274 5.17156 6.59475 10
-4.15732 5.06473 5.17361 6.55247 10
-5.86011 2.93156 5.17565 6.55247 10
-4.05653 5.03771 5.1777 6.46792 10
-5.77084 2.92087 5.17974 6.46792 10
-3.98283 5.04243 5.18179 6.42565 10
-3.9591 5.06108 5.18383 6.42565 10
-5.71943 2.92868 5.18588 6.42565 10
-3.88565 5.0645 5.18792 6.38338 10
-5.66807 2.93606 5.18997 6.38338 10
-3.78707 5.03323 5.19201 6.29883 10
-5.57932 2.92342 5.19406 6.29883 10
-3.71452 5.03456 5.1961 6.25655 10
-5.52818 2.92979 5.19815 6.25655 10
-3.64228 5.03498 5.20019 6.21428 10
-3.61859 5.05204 5.20224 6.21428 10
-5.4771 2.93576 5.20429 6.21428 10
-3.54668 5.05121 5.20633 6.17201 10
-5.42608 2.9413 5.20838 6.17201 10
-3.4751 5.04948 5.21042 6.12973 10
-5.37514 2.94644 5.21247 6.12973 10
-3.38024 5.01181 5.21451 6.04518 10
-3.35666 5.02763 5.21656 6.04518 10
-5.28729 2.93067 5.2186 6.04518 10
-3.28614 5.02356 5.22065 6.00291 10
-5.23659 2.9348 5.22269 6.00291 10
-3.21599 5.01862 5.22474 5.96064 10
-5.18596 2.93853 5.22678 5.96064 10
-3.14623 5.0128 5.22883 5.91836 10
-3.12265 5.02753 5.23087 5.91836 10
-5.13542 2.94184 5.23292 5.91836 10
-3.05332 5.02052 5.23497 5.87609 10
-5.08497 2.94474 5.23701 5.87609 10
-2.9844 5.01266 5.23906 5.83381 10
-5.0346 2.94724 5.2411 5.83381 10
-2.91589 5.00395 5.24315 5.79154 10
-4.98432 2.94932 5.24519 5.79154 10
-2.84782 4.9944 5.24724 5.74927 10
-2.82432 5.00772 5.24928 5.74927 10
-4.93413 2.95101 5.25133 5.74927 10
-2.75674 4.99701 5.25337 5.70699 10
-4.88403 2.95228 5.25542 5.70699 10
-2.6896 4.98549 5.25746 5.66472 10
-4.83404 2.95315 5.25951 5.66472 10
-2.62293 4.97314 5.26155 5.62244 10
-2.59954 4.98541 5.2636 5.62244 10
-4.78414 2.95362 5.26564 5.62244 10
-2.5334 4.97194 5.26769 5.58017 10
-4.73435 2.95368 5.26974 5.58017 10
-2.46774 4.95767 5.27178 5.5379 10
-4.68466 2.95334 5.27383 5.5379 10
-2.40258 4.94262 5.27587 5.49562 10
-4.63508 2.9526 5.27792 5.49562 10
-2.33792 4.92678 5.27996 5.45335 10
-2.31475 4.9377 5.28201 5.45335 10
-4.58562 2.95146 5.28405 5.45335 10
-2.25068 4.92079 5.2861 5.41107 10
-4.53626 2.94992 5.28814 5.41107 10
-2.18713 4.90311 5.29019 5.3688 10
-4.48703 2.94798 5.29223 5.3688 10
-2.14097 4.92344 5.29428 5.3688 10
-2.11782 4.93344 5.29632 5.3688 10
-4.47313 2.96903 5.29837 5.3688 10
-2.05508 4.91411 5.30042 5.32653 10
-4.42402 2.96646 5.30246 5.32653 10
-1.99288 4.89405 5.30451 5.28425 10
-4.37504 2.9635 5.30655 5.28425 10
-1.93124 4.87326 5.3086 5.24198 10
-1.90833 4.88227 5.31064 5.24198 10
-4.32618 2.96015 5.31269 5.24198 10
-1.84736 4.86047 5.31473 5.1997 10
-4.27746 2.9564 5.31678 5.1997 10
-1.78697 4.83796 5.31882 5.15743 10
-4.22886 2.95226 5.32087 5.15743 10
-1.74145 4.85453 5.32291 5.15743 10
-4.21495 2.97209 5.32496 5.15743 10
-1.68186 4.83075 5.327 5.11516 10
-1.65916 4.8386 5.32905 5.11516 10
-4.1665 2.96733 5.33109 5.11516 10
-1.60029 4.81385 5.33314 5.07288 10
-4.1182 2.96218 5.33519 5.07288 10
-1.54204 4.78844 5.33723 5.03061 10
-4.07004 2.95665 5.33928 5.03061 10
-1.49699 4.80271 5.34132 5.03061 10
-1.47442 4.80969 5.34337 5.03061 10
-4.05611 2.97573 5.34541 5.03061 10
-1.41716 4.78279 5.34746 4.98833 10
-4.00812 2.96959 5.3495 4.98833 10
-1.36053 4.75525 5.35155 4.94606 10
-3.96028 2.96306 5.35359 4.94606 10
-1.31581 4.76783 5.35564 4.94606 10
-1.29339 4.77395 5.35768 4.94606 10
-3.94632 2.98163 5.35973 4.94606 10
-1.23782 4.74499 5.36177 4.90379 10
-3.89866 2.97448 5.36382 4.90379 10
-1.1829 4.7154 5.36586 4.86151 10
-3.85116 2.96697 5.36791 4.86151 10
-1.13856 4.72631 5.36996 4.86151 10
-3.83718 2.98502 5.372 4.86151 10
-1.0941 4.73679 5.37405 4.86151 10
-1.07184 4.74188 5.37609 4.86151 10
-3.82311 3.00301 5.37814 4.86151 10
-1.02725 4.75174 5.38018 4.86151 10
-3.80897 3.02094 5.38223 4.86151 10
-0.982563 4.76118 5.38427 4.86151 10
-3.79473 3.03879 5.38632 4.86151 10
-0.945951 4.81168 5.38836 4.90379 10
-0.923341 4.81607 5.39041 4.90379 10
-3.81329 3.08317 5.39245 4.90379 10
-0.878055 4.82453 5.3945 4.90379 10
-3.79877 3.10104 5.39654 4.90379 10
-0.832693 4.83257 5.39859 4.90379 10
-3.78416 3.11885 5.40064 4.90379 10
-0.794048 4.8819 5.40268 4.94606 10
-3.80196 3.16363 5.40473 4.94606 10
-0.74815 4.88915 5.40677 4.94606 10
-0.725178 4.89261 5.40882 4.94606 10
-3.78706 3.18145 5.41086 4.94606 10
-0.684987 4.94108 5.41291 4.98833 10
-3.80432 3.22655 5.41495 4.98833 10
-0.638542 4.94729 5.417 4.98833 10
-3.78912 3.24439 5.41904 4.98833 10
-0.597054 4.99505 5.42109 5.03061 10
-0.573586 4.9978 5.42313 5.03061 10
-3.80582 3.28979 5.42518 5.03061 10
-0.526609 5.00297 5.42722 5.03061 10
-3.79033 3.30763 5.42927 5.03061 10
-0.483621 5.04978 5.43131 5.07288 10
-3.80647 3.35334 5.43336 5.07288 10
-0.43616 5.0541 5.43541 5.07288 10
-0.412416 5.05609 5.43745 5.07288 10
-3.79068 3.37119 5.4395 5.07288 10
-0.367939 5.1019 5.44154 5.11516 10
-3.80625 3.4172 5.44359 5.11516 10
-0.319993 5.10514 5.44563 5.11516 10
-3.79016 3.43504 5.44768 5.11516 10
-0.274272 5.15013 5.44972 5.15743 10
-3.80518 3.48134 5.45177 5.15743 10
-0.227729 5.19471 5.45381 5.1997 10
-0.203327 5.19573 5.45586 5.1997 10
-3.81984 3.52785 5.4579 5.1997 10
-0.154507 5.19741 5.45995 5.1997 10
-3.80322 3.54576 5.46199 5.1997 10
-0.106537 5.24089 5.46404 5.24198 10
-3.81731 3.59256 5.46608 5.24198 10
-0.0572958 5.24166 5.46813 5.24198 10
-0.0326777 5.24187 5.47018 5.24198 10
-3.8004 3.61045 5.47222 5.24198 10
0.0167036 5.28422 5.47427 5.28425 10
-3.81391 3.65752 5.47631 5.28425 10
0.0663395 5.28383 5.47836 5.28425 10
-3.79669 3.67539 5.4804 5.28425 10
0.116903 5.32524 5.48245 5.32653 10
-3.80961 3.72273 5.48449 5.32653 10
0.168252 5.36616 5.48654 5.3688 10
0.193454 5.36531 5.48858 5.3688 10
-3.82218 3.77027 5.49063 5.3688 10
0.24385 5.36326 5.49267 5.3688 10
-3.80443 3.78818 5.49472 5.3688 10
0.296536 5.40294 5.49676 5.41107 10
-3.81641 3.83598 5.49881 5.41107 10
0.347281 5.39992 5.50085 5.41107 10
0.372639 5.39823 5.5029 5.41107 10
-3.79835 3.85386 5.50495 5.41107 10
0.426643 5.43663 5.50699 5.45335 10
-3.80974 3.90191 5.50904 5.45335 10
0 0 5.51108 0 -1
-14.3685 -4.23631 5.51313 0 -1
0 0 5.51517 0 -1
0 0 5.51722 0 -1
-14.3685 -4.23631 5.51926 0 -1
0 0 5.52131 0 -1
-14.3685 -4.23631 5.52335 0 -1
0 0 5.5254 0 -1
-14.3685 -4.23631 5.52744 0 -1
0 0 5.52949 0 -1
-14.3685 -4.23631 5.53153 0 -1
0 0 5.53358 0 -1
0 0 5.53563 0 -1
-14.3685 -4.23631 5.53767 0 -1
0 0 5.53972 0 -1
-14.3685 -4.23631 5.54176 0 -1
0 0 5.54381 0 -1
-14.3685 -4.23631 5.54585 0 -1
0 0 5.5479 0 -1
0 0 5.54994 0 -1
-14.3685 -4.23631 5.55199 0 -1
0 0 5.55403 0 -1
-14.3685 -4.23631 5.55608 0 -1
0 0 5.55812 0 -1
-14.3685 -4.23631 5.56017 0 -1
0 0 5.56221 0 -1
0 0 5.56426 0 -1
-14.3685 -4.23631 5.56631 0 -1
0 0 5.56835 0 -1
-14.3685 -4.23631 5.5704 0 -1
0 0 5.57244 0 -1
-14.3685 -4.23631 5.57449 0 -1
0 0 5.57653 0 -1
-14.3685 -4.23631 5.57858 0 -1
0 0 5.58062 0 -1
0 0 5.58267 0 -1
-14.3685 -4.23631 5.58471 0 -1
0 0 5.58676 0 -1
-14.3685 -4.23631 5.5888 0 -1
0 0 5.59085 0 -1
-14.3685 -4.23631 5.59289 0 -1
0 0 5.59494 0 -1
0 0 5.59698 0 -1
-14.3685 -4.23631 5.59903 0 -1
0 0 5.60108 0 -1
-14.3685 -4.23631 5.60312 0 -1
0 0 5.60517 0 -1
-14.3685 -4.23631 5.60721 0 -1
0 0 5.60926 0 -1
-14.3685 -4.23631 5.6113 0 -1
0 0 5.61335 0 -1
0 0 5.61539 0 -1
-14.3685 -4.23631 5.61744 0 -1
0 0 5.61948 0 -1
-14.3685 -4.23631 5.62153 0 -1
0 0 5.62357 0 -1
-14.3685 -4.23631 5.62562 0 -1
0 0 5.62766 0 -1
0 0 5.62971 0 -1
-14.3685 -4.23631 5.63175 0 -1
0 0 5.6338 0 -1
-14.3685 -4.23631 5.63585 0 -1
0 0 5.63789 0 -1
-14.3685 -4.23631 5.63994 0 -1
0 0 5.64198 0 -1
0 0 5.64403 0 -1
-14.3685 -4.23631 5.64607 0 -1
0 0 5.64812 0 -1
-14.3685 -4.23631 5.65016 0 -1
0 0 5.65221 0 -1
-14.3685 -4.23631 5.65425 0 -1
0 0 5.6563 0 -1
-14.3685 -4.23631 5.65834 0 -1
0 0 5.66039 0 -1
0 0 5.66243 0 -1
-14.3685 -4.23631 5.66448 0 -1
0 0 5.66652 0 -1
-14.3685 -4.23631 5.66857 0 -1
0 0 5.67062 0 -1
-14.3685 -4.23631 5.67266 0 -1
0 0 5.67471 0 -1
0 0 5.67675 0 -1
-14.3685 -4.23631 5.6788 0 -1
0 0 5.68084 0 -1
-14.3685 -4.23631 5.68289 0 -1
0 0 5.68493 0 -1
-14.3685 -4.23631 5.68698 0 -1
0 0 5.68902 0 -1
0 0 5.69107 0 -1
-14.3685 -4.23631 5.69311 0 -1
0 0 5.69516 0 -1
-14.3685 -4.23631 5.6972 0 -1
0 0 5.69925 0 -1
-14.3685 -4.23631 5.7013 0 -1
0 0 5.70334 0 -1
-14.3685 -4.23631 5.70539 0 -1
0 0 5.70743 0 -1
0 0 5.70948 0 -1
-14.3685 -4.23631 5.71152 0 -1
0 0 5.71357 0 -1
-14.3685 -4.23631 5.71561 0 -1
0 0 5.71766 0 -1
-14.3685 -4.23631 5.7197 0 -1
0 0 5.72175 0 -1
0 0 5.72379 0 -1
-14.3685 -4.23631 5.72584 0 -1
0 0 5.72788 0 -1
-14.3685 -4.23631 5.72993 0 -1
0 0 5.73198 0 -1
-14.3685 -4.23631 5.73402 0 -1
0 0 5.73607 0 -1
-14.3685 -4.23631 5.73811 0 -1
0 0 5.74016 0 -1
0 0 5.7422 0 -1
-14.3685 -4.23631 5.74425 0 -1
0 0 5.74629 0 -1
-14.3685 -4.23631 5.74834 0 -1
0 0 5.75038 0 -1
-14.3685 -4.23631 5.75243 0 -1
0 0 5.75447 0 -1
0 0 5.75652 0 -1
-14.3685 -4.23631 5.75856 0 -1
0 0 5.76061 0 -1
-14.3685 -4.23631 5.76265 0 -1
0 0 5.7647 0 -1
-14.3685 -4.23631 5.76675 0 -1
0 0 5.76879 0 -1
0 0 5.77084 0 -1
-14.3685 -4.23631 5.77288 0 -1
0 0 5.77493 0 -1
-14.3685 -4.23631 5.77697 0 -1
0 0 5.77902 0 -1
-14.3685 -4.23631 5.78106 0 -1
0 0 5.78311 0 -1
-14.3685 -4.23631 5.78515 0 -1
0 0 5.7872 0 -1
0 0 5.78924 0 -1
-14.3685 -4.23631 5.79129 0 -1
0 0 5.79333 0 -1
-14.3685 -4.23631 5.79538 0 -1
0 0 5.79742 0 -1
-14.3685 -4.23631 5.79947 0 -1
0 0 5.80152 0 -1
0 0 5.80356 0 -1
-14.3685 -4.23631 5.80561 0 -1
0 0 5.80765 0 -1
-14.3685 -4.23631 5.8097 0 -1
0 0 5.81174 0 -1
-14.3685 -4.23631 5.81379 0 -1
0 0 5.81583 0 -1
-14.3685 -4.23631 5.81788 0 -1
0 0 5.81992 0 -1
0 0 5.82197 0 -1
-14.3685 -4.23631 5.82401 0 -1
0 0 5.82606 0 -1
-14.3685 -4.23631 5.8281 0 -1
0 0 5.83015 0 -1
-14.3685 -4.23631 5.83219 0 -1
0 0 5.83424 0 -1
0 0 5.83629 0 -1
-14.3685 -4.23631 5.83833 0 -1
0 0 5.84038 0 -1
-14.3685 -4.23631 5.84242 0 -1
0 0 5.84447 0 -1
-14.3685 -4.23631 5.84651 0 -1
0 0 5.84856 0 -1
0 0 5.8506 0 -1
-14.3685 -4.23631 5.85265 0 -1
0 0 5.85469 0 -1
-14.3685 -4.23631 5.85674 0 -1
0 0 5.85878 0 -1
-14.3685 -4.23631 5.86083 0 -1
0 0 5.86287 0 -1
-14.3685 -4.23631 5.86492 0 -1
0 0 5.86697 0 -1
0 0 5.86901 0 -1
-14.3685 -4.23631 5.87106 0 -1
0 0 5.8731 0 -1
-14.3685 -4.23631 5.87515 0 -1
0 0 5.87719 0 -1
-14.3685 -4.23631 5.87924 0 -1
0 0 5.88128 0 -1
0 0 5.88333 0 -1
-14.3685 -4.23631 5.88537 0 -1
0 0 5.88742 0 -1
-14.3685 -4.23631 5.88946 0 -1
0 0 5.89151 0 -1
-14.3685 -4.23631 5.89355 0 -1
0 0 5.8956 0 -1
0 0 5.89764 0 -1
-14.3685 -4.23631 5.89969 0 -1
0 0 5.90174 0 -1
-14.3685 -4.23631 5.90378 0 -1
0 0 5.90583 0 -1
-14.3685 -4.23631 5.90787 0 -1
0 0 5.90992 0 -1
-14.3685 -4.23631 5.91196 0 -1
0 0 5.91401 0 -1
0 0 5.91605 0 -1
-14.3685 -4.23631 5.9181 0 -1
0 0 5.92014 0 -1
-14.3685 -4.23631 5.92219 0 -1
0 0 5.92423 0 -1
-14.3685 -4.23631 5.92628 0 -1
0 0 5.92832 0 -1
0 0 5.93037 0 -1
-14.3685 -4.23631 5.93242 0 -1
0 0 5.93446 0 -1
-14.3685 -4.23631 5.93651 0 -1
0 0 5.93855 0 -1
-14.3685 -4.23631 5.9406 0 -1
0 0 5.94264 0 -1
-14.3685 -4.23631 5.94469 0 -1
0 0 5.94673 0 -1
0 0 5.94878 0 -1
-14.3685 -4.23631 5.95082 0 -1
0 0 5.95287 0 -1
-14.3685 -4.23631 5.95491 0 -1
0 0 5.95696 0 -1
-14.3685 -4.23631 5.959 0 -1
0 0 5.96105 0 -1
0 0 5.96309 0 -1
-14.3685 -4.23631 5.96514 0 -1
0 0 5.96719 0 -1
-14.3685 -4.23631 5.96923 0 -1
0 0 5.97128 0 -1
-14.3685 -4.23631 5.97332 0 -1
0 0 5.97537 0 -1
0 0 5.97741 0 -1
-14.3685 -4.23631 5.97946 0 -1
0 0 5.9815 0 -1
-14.3685 -4.23631 5.98355 0 -1
0 0 5.98559 0 -1
-14.3685 -4.23631 5.98764 0 -1
0 0 5.98968 0 -1
-14.3685 -4.23631 5.99173 0 -1
0 0 5.99377 0 -1
0 0 5.99582 0 -1
-14.3685 -4.23631 5.99786 0 -1
0 0 5.99991 0 -1
-14.3685 -4.23631 6.00196 0 -1
0 0 6.004 0 -1
-14.3685 -4.23631 6.00605 0 -1
0 0 6.00809 0 -1
0 0 6.01014 0 -1
-14.3685 -4.23631 6.01218 0 -1
0 0 6.01423 0 -1
-14.3685 -4.23631 6.01627 0 -1
0 0 6.01832 0 -1
-14.3685 -4.23631 6.02036 0 -1
0 0 6.02241 0 -1
0 0 6.02445 0 -1
-14.3685 -4.23631 6.0265 0 -1
0 0 6.02854 0 -1
-14.3685 -4.23631 6.03059 0 -1
0 0 6.03264 0 -1
-14.3685 -4.23631 6.03468 0 -1
0 0 6.03673 0 -1
-14.3685 -4.23631 6.03877 0 -1
0 0 6.04082 0 -1
0 0 6.04286 0 -1
-14.3685 -4.23631 6.04491 0 -1
0 0 6.04695 0 -1
-14.3685 -4.23631 6.049 0 -1
0 0 6.05104 0 -1
-14.3685 -4.23631 6.05309 0 -1
0 0 6.05513 0 -1
0 0 6.05718 0 -1
-14.3685 -4.23631 6.05922 0 -1
0 0 6.06127 0 -1
-14.3685 -4.23631 6.06331 0 -1
0 0 6.06536 0 -1
-14.3685 -4.23631 6.06741 0 -1
0 0 6.06945 0 -1
-14.3685 -4.23631 6.0715 0 -1
0 0 6.07354 0 -1
0 0 6.07559 0 -1
-14.3685 -4.23631 6.07763 0 -1
0 0 6.07968 0 -1
-14.3685 -4.23631 6.08172 0 -1
0 0 6.08377 0 -1
-14.3685 -4.23631 6.08581 0 -1
0 0 6.08786 0 -1
0 0 6.0899 0 -1
-14.3685 -4.23631 6.09195 0 -1
0 0 6.09399 0 -1
-14.3685 -4.23631 6.09604 0 -1
0 0 6.09808 0 -1
-14.3685 -4.23631 6.10013 0 -1
0 0 6.10218 0 -1
0 0 6.10422 0 -1
-14.3685 -4.23631 6.10627 0 -1
0 0 6.10831 0 -1
-14.3685 -4.23631 6.11036 0 -1
0 0 6.1124 0 -1
-14.3685 -4.23631 6.11445 0 -1
0 0 6.11649 0 -1
-14.3685 -4.23631 6.11854 0 -1
0 0 6.12058 0 -1
0 0 6.12263 0 -1
-14.3685 -4.23631 6.12467 0 -1
0 0 6.12672 0 -1
-14.3685 -4.23631 6.12876 0 -1
0 0 6.13081 0 -1
-14.3685 -4.23631 6.13286 0 -1
0 0 6.1349 0 -1
0 0 6.13695 0 -1
-14.3685 -4.23631 6.13899 0 -1
0 0 6.14104 0 -1
-14.3685 -4.23631 6.14308 0 -1
0 0 6.14513 0 -1
-14.3685 -4.23631 6.14717 0 -1
0 0 6.14922 0 -1
-14.3685 -4.23631 6.15126 0 -1
0 0 6.15331 0 -1
0 0 6.15535 0 -1
-14.3685 -4.23631 6.1574 0 -1
0 0 6.15944 0 -1
-14.3685 -4.23631 6.16149 0 -1
0 0 6.16353 0 -1
-14.3685 -4.23631 6.16558 0 -1
0 0 6.16763 0 -1
0 0 6.16967 0 -1
-14.3685 -4.23631 6.17172 0 -1
0 0 6.17376 0 -1
-14.3685 -4.23631 6.17581 0 -1
0 0 6.17785 0 -1
-14.3685 -4.23631 6.1799 0 -1
0 0 6.18194 0 -1
0 0 6.18399 0 -1
-14.3685 -4.23631 6.18603 0 -1
0 0 6.18808 0 -1
-14.3685 -4.23631 6.19012 0 -1
0 0 6.19217 0 -1
-14.3685 -4.23631 6.19421 0 -1
0 0 6.19626 0 -1
-14.3685 -4.23631 6.19831 0 -1
0 0 6.20035 0 -1
0 0 6.2024 0 -1
-14.3685 -4.23631 6.20444 0 -1
0 0 6.20649 0 -1
-14.3685 -4.23631 6.20853 0 -1
0 0 6.21058 0 -1
-14.3685 -4.23631 6.21262 0 -1
0 0 6.21467 0 -1
0 0 6.21671 0 -1
-14.3685 -4.23631 6.21876 0 -1
0 0 6.2208 0 -1
-14.3685 -4.23631 6.22285 0 -1
0 0 6.22489 0 -1
-14.3685 -4.23631 6.22694 0 -1
0 0 6.22898 0 -1
0 0 6.23103 0 -1
-14.3685 -4.23631 6.23308 0 -1
0 0 6.23512 0 -1
-14.3685 -4.23631 6.23717 0 -1
0 0 6.23921 0 -1
-14.3685 -4.23631 6.24126 0 -1
0 0 6.2433 0 -1
-14.3685 -4.23631 6.24535 0 -1
0 0 6.24739 0 -1
0 0 6.24944 0 -1
-14.3685 -4.23631 6.25148 0 -1
0 0 6.25353 0 -1
-14.3685 -4.23631 6.25557 0 -1
0 0 6.25762 0 -1
-14.3685 -4.23631 6.25966 0 -1
0 0 6.26171 0 -1
0 0 6.26375 0 -1
-14.3685 -4.23631 6.2658 0 -1
0 0 6.26785 0 -1
-14.3685 -4.23631 6.26989 0 -1
6.52906 -1.7666 6.27194 6.76384 10
-0.0528498 6.76363 6.27398 6.76384 10
4.80274 -1.34804 6.27603 4.98833 10
-0.0155487 4.98831 6.27807 4.98833 10
-14.3685 -4.23631 6.28012 0 -1
-14.3685 -4.23631 6.28216 0 -1
